"IAZON";"EMBER1";"EMBER2"
0;1;0
1;0;2
2;5;0
3;0;7
4;0;9
5;13;0
6;0;15
7;16;0
8;0;17
9;20;0
10;23;0
11;24;0
12;0;27
13;0;28
14;29;0
15;0;30
16;32;0
17;33;0
18;0;35
19;0;40
20;42;0
21;0;43
22;0;45
23;46;0
24;0;50
25;1;2
26;1;3
27;5;1
28;11;1
29;1;15
30;19;1
31;22;1
32;25;1
33;28;1
34;1;32
35;33;1
36;35;1
37;36;1
38;1;38
39;39;1
40;1;42
41;43;1
42;1;49
43;5;2
44;6;2
45;7;2
46;2;9
47;2;10
48;2;16
49;17;2
50;2;19
51;2;25
52;2;26
53;31;2
54;32;2
55;2;33
56;2;34
57;35;2
58;2;39
59;2;40
60;41;2
61;44;2
62;45;2
63;47;2
64;2;48
65;2;50
66;5;3
67;6;3
68;7;3
69;3;8
70;3;9
71;3;11
72;14;3
73;16;3
74;21;3
75;22;3
76;3;24
77;3;26
78;28;3
79;32;3
80;33;3
81;35;3
82;40;3
83;3;41
84;42;3
85;43;3
86;3;44
87;6;4
88;8;4
89;4;9
90;10;4
91;4;11
92;13;4
93;17;4
94;4;19
95;4;22
96;4;24
97;25;4
98;27;4
99;4;29
100;4;33
101;36;4
102;4;38
103;42;4
104;4;47
105;4;48
106;4;49
107;50;4
108;5;6
109;5;7
110;5;9
111;12;5
112;5;14
113;16;5
114;5;17
115;5;20
116;5;21
117;5;23
118;5;25
119;5;28
120;31;5
121;5;34
122;5;35
123;36;5
124;37;5
125;39;5
126;5;40
127;43;5
128;5;44
129;5;45
130;5;46
131;5;47
132;5;48
133;49;5
134;5;50
135;9;6
136;6;13
137;16;6
138;17;6
139;19;6
140;6;22
141;6;23
142;6;28
143;6;29
144;30;6
145;6;35
146;6;37
147;45;6
148;50;6
149;10;7
150;11;7
151;7;13
152;7;14
153;15;7
154;21;7
155;22;7
156;23;7
157;25;7
158;26;7
159;27;7
160;7;31
161;35;7
162;36;7
163;38;7
164;7;39
165;40;7
166;41;7
167;7;43
168;7;45
169;7;46
170;7;47
171;7;48
172;9;8
173;12;8
174;8;16
175;17;8
176;8;18
177;21;8
178;22;8
179;8;25
180;8;26
181;28;8
182;30;8
183;8;32
184;34;8
185;8;36
186;8;38
187;39;8
188;8;40
189;8;42
190;43;8
191;8;44
192;47;8
193;48;8
194;49;8
195;9;11
196;9;13
197;16;9
198;9;17
199;9;18
200;9;20
201;23;9
202;25;9
203;27;9
204;9;29
205;9;31
206;34;9
207;9;35
208;36;9
209;39;9
210;9;41
211;9;42
212;9;43
213;9;44
214;9;46
215;9;47
216;9;48
217;9;50
218;11;10
219;12;10
220;10;16
221;19;10
222;10;20
223;21;10
224;10;22
225;10;24
226;10;26
227;10;27
228;10;28
229;29;10
230;10;38
231;10;39
232;10;42
233;10;43
234;10;44
235;46;10
236;10;47
237;10;50
238;12;11
239;13;11
240;15;11
241;11;16
242;11;17
243;11;20
244;11;25
245;31;11
246;11;34
247;36;11
248;44;11
249;11;45
250;47;11
251;48;11
252;11;50
253;12;13
254;14;12
255;15;12
256;16;12
257;17;12
258;21;12
259;22;12
260;23;12
261;12;24
262;12;26
263;12;27
264;30;12
265;12;32
266;12;34
267;12;37
268;12;38
269;39;12
270;12;40
271;12;41
272;42;12
273;49;12
274;12;50
275;18;13
276;19;13
277;21;13
278;22;13
279;24;13
280;28;13
281;13;29
282;13;30
283;32;13
284;33;13
285;34;13
286;36;13
287;38;13
288;13;39
289;40;13
290;13;43
291;13;44
292;48;13
293;49;13
294;13;50
295;14;15
296;14;16
297;14;17
298;14;19
299;25;14
300;28;14
301;29;14
302;14;30
303;14;31
304;32;14
305;14;33
306;34;14
307;35;14
308;14;42
309;45;14
310;46;14
311;14;47
312;48;14
313;14;49
314;14;50
315;15;16
316;20;15
317;15;23
318;15;24
319;25;15
320;26;15
321;15;27
322;29;15
323;30;15
324;37;15
325;38;15
326;15;39
327;15;40
328;15;41
329;43;15
330;15;44
331;46;15
332;47;15
333;15;48
334;49;15
335;50;15
336;18;16
337;16;19
338;21;16
339;16;22
340;16;24
341;16;25
342;29;16
343;30;16
344;16;34
345;16;35
346;48;16
347;49;16
348;17;18
349;19;17
350;17;20
351;17;26
352;17;27
353;29;17
354;17;30
355;31;17
356;32;17
357;33;17
358;17;36
359;17;37
360;40;17
361;41;17
362;17;45
363;17;47
364;50;17
365;18;19
366;22;18
367;23;18
368;24;18
369;25;18
370;26;18
371;18;27
372;33;18
373;35;18
374;37;18
375;18;38
376;18;42
377;18;43
378;45;18
379;47;18
380;18;49
381;19;20
382;19;24
383;19;25
384;19;27
385;28;19
386;33;19
387;19;36
388;37;19
389;38;19
390;40;19
391;42;19
392;43;19
393;19;46
394;19;49
395;19;50
396;20;21
397;22;20
398;20;24
399;20;27
400;20;28
401;29;20
402;31;20
403;20;34
404;20;35
405;36;20
406;20;38
407;20;40
408;42;20
409;20;44
410;20;45
411;20;48
412;49;20
413;20;50
414;23;21
415;25;21
416;21;28
417;21;30
418;21;31
419;21;32
420;21;33
421;21;36
422;37;21
423;21;38
424;21;41
425;47;21
426;48;21
427;21;50
428;24;22
429;27;22
430;22;29
431;30;22
432;31;22
433;22;33
434;39;22
435;40;22
436;22;44
437;45;22
438;22;46
439;22;48
440;22;49
441;50;22
442;23;24
443;25;23
444;27;23
445;23;28
446;23;29
447;23;30
448;31;23
449;34;23
450;38;23
451;23;39
452;23;40
453;41;23
454;23;42
455;23;43
456;44;23
457;45;23
458;23;48
459;50;23
460;26;24
461;27;24
462;28;24
463;24;30
464;31;24
465;24;34
466;24;35
467;37;24
468;38;24
469;40;24
470;42;24
471;45;24
472;46;24
473;49;24
474;25;30
475;25;33
476;35;25
477;36;25
478;38;25
479;39;25
480;25;42
481;25;44
482;45;25
483;25;46
484;49;25
485;50;25
486;27;26
487;26;29
488;31;26
489;32;26
490;26;38
491;41;26
492;45;26
493;46;26
494;47;26
495;26;49
496;30;27
497;35;27
498;27;36
499;37;27
500;38;27
501;39;27
502;40;27
503;41;27
504;27;43
505;27;46
506;27;47
507;27;49
508;50;27
509;30;28
510;28;32
511;28;33
512;28;34
513;28;36
514;38;28
515;28;40
516;28;41
517;28;42
518;43;28
519;44;28
520;28;47
521;28;48
522;30;29
523;31;29
524;32;29
525;29;35
526;29;40
527;43;29
528;44;29
529;45;29
530;29;48
531;49;29
532;30;32
533;30;37
534;30;41
535;43;30
536;30;47
537;30;49
538;30;50
539;32;31
540;35;31
541;31;36
542;38;31
543;39;31
544;31;40
545;31;41
546;42;31
547;31;47
548;36;32
549;32;37
550;32;42
551;32;44
552;45;32
553;49;32
554;36;33
555;38;33
556;39;33
557;43;33
558;44;33
559;33;47
560;48;33
561;33;50
562;34;36
563;38;34
564;40;34
565;34;45
566;34;46
567;48;34
568;34;50
569;35;37
570;35;38
571;35;40
572;41;35
573;35;43
574;35;45
575;49;35
576;37;36
577;36;40
578;42;36
579;36;44
580;41;37
581;37;42
582;37;43
583;45;37
584;37;47
585;48;37
586;49;37
587;39;38
588;38;40
589;38;41
590;42;38
591;38;43
592;38;44
593;38;45
594;38;46
595;38;48
596;38;49
597;38;50
598;40;39
599;39;43
600;46;39
601;47;39
602;39;49
603;41;40
604;40;46
605;48;40
606;44;41
607;45;41
608;46;41
609;47;41
610;41;49
611;41;50
612;42;43
613;42;45
614;46;42
615;42;47
616;42;49
617;44;45
618;49;44
619;44;50
620;47;45
621;45;49
622;46;48
623;47;48
