helyezes	pontszam	jatek	versenyzoid	ranglistaid
62	2620	51	1	1
50	2632	10	1	2
46	2639	24	1	3
41	2643	8	1	4
49	2617	22	1	5
45	2639	10	1	6
54	2633	33	1	7
51	2635	2	1	8
59	2626	23	1	9
51	2634	19	1	10
43	2642	25	1	11
59	2632	26	1	12
66	2628	25	1	13
90	2617	29	1	19
96	2619	14	1	20
99	2615	5	1	21
91	2620	28	1	22
84	2629	24	1	27
99	2596	16	2	7
100	2595	57	3	3
83	2604	18	3	4
67	2604	51	3	5
39	2643	9	4	1
40	2642	19	4	2
61	2622	28	4	3
80	2606	22	4	4
72	2602	4	4	5
74	2608	20	4	6
85	2601	8	4	7
65	2615	24	5	1
81	2606	8	5	2
68	2616	24	5	3
66	2616	0	5	4
55	2612	15	5	5
66	2612	0	5	6
61	2628	24	5	7
59	2628	0	5	8
53	2634	7	5	9
48	2640	7	5	10
64	2625	18	5	11
69	2625	0	5	12
76	2624	23	5	17
78	2624	0	5	18
78	2624	0	5	19
87	2624	0	5	20
65	2636	18	5	21
67	2637	2	5	22
79	2632	0	5	23
82	2632	0	5	24
12	2699	11	6	1
11	2699	0	6	2
20	2679	15	6	3
13	2693	10	6	4
5	2692	0	6	5
16	2692	0	6	6
16	2693	14	6	7
15	2690	9	6	8
17	2687	2	6	9
17	2688	1	6	10
19	2688	0	6	11
18	2686	13	6	12
20	2693	6	6	13
20	2693	0	6	14
20	2682	6	6	15
22	2682	0	6	16
23	2682	0	6	17
23	2682	0	6	18
28	2674	4	6	19
27	2674	0	6	20
31	2672	2	6	21
33	2672	2	6	22
29	2672	0	6	23
32	2672	0	6	24
38	2668	3	6	25
41	2670	9	6	30
60	2655	10	6	31
66	2655	0	6	32
72	2651	3	6	33
67	2651	0	6	34
87	2644	8	6	35
86	2644	0	6	36
97	2644	0	6	37
42	2641	21	7	1
41	2641	0	7	2
42	2640	26	7	3
43	2640	0	7	4
76	2601	41	7	5
87	2601	0	7	6
95	2598	12	7	7
90	2604	9	7	8
60	2623	35	8	1
54	2627	9	8	2
41	2641	26	8	3
42	2641	0	8	4
22	2650	35	8	5
38	2650	0	8	6
27	2662	10	8	7
26	2664	9	8	8
28	2667	13	8	9
28	2667	9	8	10
31	2667	0	8	11
38	2653	9	8	12
71	2623	37	8	13
72	2623	0	8	14
72	2623	0	8	15
53	2639	9	8	16
53	2642	17	8	17
56	2640	8	8	18
32	2670	16	8	19
71	2631	25	8	20
46	2639	54	9	1
44	2639	0	9	2
59	2629	38	9	3
63	2620	13	9	4
91	2600	18	9	6
80	2605	10	9	7
72	2616	13	9	8
68	2623	14	9	9
78	2625	17	9	21
82	2630	18	9	22
83	2630	0	9	23
100	2616	7	9	24
86	2602	9	10	2
89	2600	28	11	1
90	2600	0	11	2
88	2602	22	11	3
87	2602	0	11	4
72	2602	17	11	5
94	2599	11	11	6
84	2602	9	11	7
74	2613	4	11	8
76	2617	22	11	9
75	2617	0	11	10
85	2610	21	11	11
81	2610	0	11	12
97	2607	18	11	13
92	2608	11	11	14
95	2608	0	11	15
33	2654	77	12	1
51	2629	16	12	2
49	2638	43	12	3
48	2638	0	12	4
17	2659	46	12	5
25	2668	9	12	6
39	2649	29	12	7
28	2661	13	12	8
40	2652	27	12	9
40	2650	27	12	10
38	2649	30	12	11
41	2649	0	12	12
27	2668	40	12	13
31	2667	20	12	14
30	2667	18	12	15
34	2667	0	12	16
26	2679	29	12	17
40	2660	28	12	18
61	2635	27	12	19
74	2630	18	12	20
81	2631	39	12	22
88	2626	12	12	23
89	2622	13	12	24
86	2625	18	12	25
72	2639	10	12	26
70	2639	0	12	27
61	2648	8	12	28
59	2653	22	12	29
63	2646	10	12	30
80	2638	27	12	31
79	2641	26	12	32
83	2646	35	12	35
91	2640	21	12	36
68	2662	23	12	37
80	2656	9	12	38
91	2648	17	12	39
70	2657	18	12	40
75	2657	0	12	41
91	2645	25	12	42
97	2620	14	13	25
86	2628	21	13	26
89	2628	0	13	27
94	2628	0	13	28
78	2642	14	13	29
63	2646	12	13	30
67	2646	0	13	31
75	2646	0	13	32
76	2646	0	13	33
80	2633	29	14	27
100	2595	0	15	6
83	2611	18	15	9
83	2611	0	15	10
84	2611	0	15	11
77	2611	0	15	12
78	2617	15	15	13
77	2617	0	15	14
79	2617	0	15	15
82	2617	0	15	16
60	2623	25	16	1
69	2612	21	16	2
85	2604	22	16	3
71	2603	13	16	5
98	2596	20	16	6
99	2596	8	16	7
84	2598	47	17	5
87	2601	9	17	6
95	2598	25	17	7
99	2598	0	17	8
90	2604	17	17	9
101	2600	18	17	10
90	2604	16	17	11
95	2604	0	17	12
86	2611	9	17	13
95	2607	9	17	14
92	2598	71	18	1
60	2621	23	18	2
73	2612	22	18	3
70	2612	0	18	4
55	2612	37	18	5
87	2605	17	18	8
99	2606	10	18	13
80	2614	9	18	14
75	2621	11	18	15
76	2621	0	18	16
68	2628	9	18	17
74	2627	2	18	18
82	2623	19	18	19
90	2623	0	18	20
96	2616	9	18	21
100	2616	0	18	22
100	2616	0	18	24
95	2627	7	18	28
98	2627	0	18	29
100	2627	0	18	30
99	2627	0	18	31
76	2608	29	19	1
77	2608	0	19	2
65	2618	36	19	3
65	2618	9	19	4
93	2602	30	19	9
95	2603	22	19	10
75	2616	13	19	11
77	2611	1	19	12
92	2598	22	20	1
72	2610	9	20	2
81	2607	33	20	3
79	2607	0	20	4
60	2608	22	20	5
62	2618	9	20	6
52	2634	27	20	7
52	2634	0	20	8
58	2627	8	20	9
62	2627	0	20	10
47	2638	18	20	11
54	2638	0	20	12
71	2623	22	20	13
62	2630	9	20	14
57	2634	9	20	15
60	2634	0	20	16
60	2634	0	20	17
60	2634	19	20	18
56	2640	12	20	19
57	2640	0	20	20
72	2629	17	20	21
93	2619	3	20	24
76	2634	11	20	25
79	2634	0	20	26
78	2634	4	20	27
84	2634	0	20	28
88	2633	11	20	29
94	2633	0	20	30
95	2596	44	21	1
83	2605	8	22	1
67	2613	11	22	2
70	2613	0	22	3
68	2613	0	22	4
91	2612	18	23	16
90	2615	9	23	18
69	2611	21	24	1
58	2624	9	24	2
93	2598	36	24	3
76	2608	28	25	1
90	2600	11	25	2
89	2606	9	25	12
24	2667	50	26	1
22	2673	14	26	2
14	2694	35	26	3
17	2688	11	26	4
31	2633	60	26	5
78	2605	18	26	6
48	2641	24	26	7
44	2641	22	26	8
43	2649	35	26	9
51	2634	42	26	10
53	2634	0	26	11
55	2635	9	26	12
48	2644	68	26	13
39	2656	22	26	14
34	2656	0	26	15
29	2672	19	26	16
36	2667	48	26	17
55	2644	13	26	18
64	2634	26	26	19
74	2630	7	26	20
36	2669	47	26	21
51	2652	25	26	22
76	2633	31	26	23
67	2643	13	26	24
63	2643	59	26	25
56	2648	21	26	26
77	2635	26	26	27
77	2639	26	26	28
88	2633	19	26	29
100	2627	14	26	30
100	2631	31	26	33
94	2634	19	26	34
91	2600	10	28	4
99	2594	45	29	1
59	2624	36	30	1
63	2619	7	30	2
81	2607	20	30	3
88	2601	6	30	4
66	2605	8	30	5
78	2605	0	30	6
99	2596	8	30	7
72	2616	24	30	8
50	2638	14	30	9
43	2646	25	30	10
59	2629	10	30	11
51	2640	18	30	12
55	2638	7	30	13
70	2624	18	30	14
72	2623	9	30	15
76	2621	15	30	16
80	2621	0	30	17
98	2611	6	30	18
70	2629	10	30	19
73	2610	23	31	1
72	2610	0	31	2
40	2645	21	31	3
40	2645	0	31	4
31	2633	39	31	5
50	2633	0	31	6
68	2618	23	31	7
69	2618	0	31	8
73	2618	21	31	9
67	2622	9	31	10
95	2604	18	31	12
76	2601	25	32	5
19	2673	0	33	1
19	2678	7	33	2
27	2670	39	33	3
26	2670	0	33	4
11	2674	22	33	5
24	2674	0	33	6
23	2676	15	33	7
21	2676	0	33	8
21	2676	0	33	9
30	2666	15	33	10
22	2678	28	33	11
22	2678	0	33	12
15	2702	24	33	13
20	2693	7	33	14
23	2679	15	33	15
26	2679	0	33	16
26	2679	0	33	17
31	2672	4	33	18
39	2662	19	33	19
32	2671	9	33	20
31	2672	9	33	21
44	2658	16	33	22
45	2658	14	33	23
36	2669	17	33	24
37	2669	0	33	25
74	2638	14	33	26
81	2632	2	33	27
87	2632	0	33	28
36	2647	17	34	1
35	2647	0	34	2
42	2640	21	34	3
43	2640	0	34	4
25	2644	7	34	5
41	2644	0	34	6
44	2644	0	34	7
57	2631	9	34	8
73	2618	4	34	9
59	2629	11	34	10
49	2636	9	34	11
68	2626	9	34	12
68	2626	0	34	13
74	2621	4	34	14
75	2621	0	34	15
76	2621	0	34	16
64	2631	6	34	17
64	2631	0	34	18
69	2631	0	34	19
71	2631	0	34	20
66	2635	4	34	21
73	2635	0	34	22
73	2635	0	34	23
77	2635	0	34	24
69	2638	5	34	25
74	2638	0	34	26
72	2638	0	34	27
70	2642	1	34	28
95	2628	3	34	31
92	2630	1	34	32
93	2634	2	34	33
94	2634	0	34	34
92	2646	4	34	37
91	2646	0	34	38
89	2649	1	34	39
88	2649	2	34	40
87	2651	1	34	41
92	2644	3	34	42
93	2652	16	34	50
92	2658	8	34	51
29	2657	24	35	1
29	2657	0	35	2
37	2652	45	35	3
37	2652	0	35	4
37	2652	0	35	6
37	2653	15	35	7
35	2653	0	35	8
31	2661	25	35	9
33	2661	0	35	10
47	2638	27	35	11
48	2643	9	35	12
43	2649	33	35	13
48	2647	4	35	14
44	2648	25	35	15
48	2648	0	35	16
32	2671	28	35	17
27	2676	16	35	18
27	2676	0	35	19
83	2627	22	35	20
83	2626	31	35	25
91	2626	0	35	26
91	2626	0	35	27
89	2631	9	35	28
71	2646	17	35	29
51	2657	18	35	30
48	2665	21	35	31
46	2674	17	35	32
51	2669	28	35	33
53	2669	0	35	34
20	2670	45	36	1
17	2682	16	36	2
26	2671	13	36	3
25	2671	0	36	4
9	2677	20	36	5
21	2681	15	36	6
23	2676	8	36	7
21	2676	0	36	8
21	2676	0	36	9
28	2667	4	36	10
21	2682	19	36	11
20	2684	11	36	12
22	2683	8	36	13
23	2681	11	36	14
22	2681	0	36	15
23	2681	0	36	16
24	2681	0	36	17
50	2649	21	36	18
49	2648	3	36	19
48	2648	0	36	20
53	2648	0	36	21
87	2632	0	36	28
90	2632	0	36	29
95	2632	0	36	30
54	2613	47	37	5
64	2613	0	37	6
65	2623	13	37	7
63	2623	0	37	8
69	2622	19	37	9
67	2622	0	37	10
77	2615	7	37	11
86	2625	22	38	25
85	2601	14	39	7
87	2605	25	39	8
69	2611	33	40	1
90	2600	12	40	2
96	2596	10	40	3
97	2596	0	40	4
92	2603	52	40	8
99	2601	13	40	9
99	2598	15	40	11
51	2635	0	42	3
50	2635	0	42	4
38	2649	0	43	4
57	2610	55	43	5
70	2610	0	43	6
80	2605	27	43	7
63	2623	9	43	8
65	2624	25	43	9
49	2635	29	43	10
57	2630	24	43	11
62	2630	0	43	12
49	2643	44	43	13
49	2646	8	43	14
64	2629	7	43	15
41	2656	18	43	16
44	2661	15	43	17
52	2646	22	43	18
59	2637	25	43	19
70	2632	17	43	20
91	2636	32	43	34
87	2644	9	43	35
41	2642	54	44	1
37	2645	6	44	2
38	2649	18	44	3
22	2668	75	45	1
26	2665	26	45	2
36	2655	16	45	3
34	2655	0	45	4
23	2646	17	45	5
34	2654	26	45	6
36	2654	16	45	7
32	2654	0	45	8
36	2654	0	45	9
46	2643	13	45	10
62	2626	18	45	11
63	2628	19	45	12
68	2626	9	45	13
92	2608	11	45	14
95	2608	11	45	15
98	2608	0	45	16
88	2617	5	45	17
53	2627	42	46	1
52	2628	41	46	2
49	2638	34	46	3
55	2630	8	46	4
42	2627	35	46	5
58	2626	6	46	6
100	2600	9	46	9
101	2600	37	46	10
98	2600	17	46	11
64	2631	30	46	18
85	2622	19	46	19
97	2618	60	46	22
95	2619	39	46	23
68	2643	63	46	28
94	2629	44	46	29
52	2634	6	48	8
53	2634	0	48	9
51	2634	0	48	10
53	2634	0	48	11
52	2640	5	48	13
53	2640	0	48	14
50	2640	0	48	15
52	2640	0	48	16
68	2628	13	48	17
72	2628	0	48	18
73	2628	0	48	19
78	2628	0	48	20
86	2621	5	48	21
95	2619	3	48	22
95	2619	0	48	23
93	2619	0	48	24
95	2596	22	49	1
95	2598	9	49	2
67	2604	77	50	5
85	2602	11	50	6
69	2614	9	50	7
90	2604	15	50	8
89	2622	21	50	22
79	2632	17	50	23
85	2628	10	50	24
76	2608	13	51	1
77	2608	0	51	2
1	2849	35	52	1
1	2849	0	52	2
1	2849	0	52	3
1	2827	38	52	4
1	2838	10	52	5
1	2838	0	52	6
1	2838	0	52	7
1	2838	12	52	8
1	2838	0	52	9
1	2836	0	52	10
1	2847	9	52	11
1	2830	12	52	12
1	2830	0	52	13
1	2830	0	52	14
1	2831	6	52	15
1	2817	12	52	16
1	2817	0	52	17
1	2813	6	52	18
1	2804	16	52	19
1	2812	12	52	20
1	2812	0	52	21
1	2812	0	52	22
1	2812	0	52	23
100	2593	17	54	2
57	2630	29	54	3
96	2597	28	54	4
87	2601	26	54	6
95	2598	24	54	7
79	2616	26	54	13
59	2633	20	54	14
67	2625	26	54	15
81	2619	9	54	16
84	2619	26	54	17
44	2640	21	55	1
47	2633	19	55	2
96	2596	21	55	3
95	2598	6	55	7
99	2598	0	55	8
87	2608	13	55	9
86	2608	0	55	10
88	2608	0	55	11
85	2608	0	55	12
91	2609	8	55	13
89	2609	0	55	14
90	2609	0	55	15
96	2609	0	55	16
49	2633	39	56	1
38	2644	19	56	2
79	2608	25	56	3
76	2608	0	56	4
52	2614	20	56	5
70	2610	7	56	6
91	2620	11	56	22
10	2702	61	57	1
10	2702	0	57	2
31	2658	42	57	3
34	2655	4	57	4
55	2632	48	57	7
44	2641	11	57	8
30	2662	26	57	9
38	2651	20	57	10
55	2633	16	57	11
84	2609	22	57	12
90	2609	24	57	15
96	2609	0	57	16
63	2632	45	57	17
27	2676	35	57	18
31	2672	34	57	19
30	2672	0	57	20
41	2663	10	57	21
47	2655	13	57	22
72	2636	26	57	23
56	2650	11	57	24
74	2635	16	57	25
59	2647	18	57	26
53	2651	16	57	27
42	2661	13	57	28
48	2660	26	57	29
44	2668	33	57	30
86	2636	27	57	31
86	2639	26	57	33
84	2651	27	57	38
69	2656	19	57	39
76	2656	0	57	40
83	2652	9	57	41
99	2598	9	58	8
87	2608	7	58	9
85	2609	13	58	10
38	2644	0	59	1
98	2601	27	60	10
67	2626	37	61	14
99	2607	18	61	16
84	2626	44	61	22
94	2622	34	61	23
95	2628	31	61	31
66	2613	32	63	1
61	2620	13	63	2
63	2619	13	63	3
64	2619	0	63	4
45	2626	21	63	5
64	2613	18	63	6
71	2613	0	63	7
74	2613	0	63	8
61	2625	13	63	9
84	2610	9	63	10
85	2610	0	63	11
81	2610	0	63	12
75	2618	24	63	13
78	2616	9	63	14
56	2635	20	63	15
58	2635	0	63	16
58	2635	20	63	17
61	2633	10	63	18
66	2633	0	63	19
67	2633	0	63	20
86	2625	10	63	25
97	2621	9	63	26
95	2621	0	63	27
91	2620	64	64	22
99	2618	34	64	23
82	2632	22	64	24
100	2619	51	64	25
90	2599	0	65	1
93	2599	0	65	2
98	2601	19	65	10
96	2601	0	65	11
85	2612	8	65	13
84	2612	0	65	14
87	2612	0	65	15
91	2612	0	65	16
95	2599	6	66	4
66	2612	22	66	6
57	2630	24	66	7
69	2618	14	66	8
85	2609	13	66	9
58	2630	28	66	10
73	2621	9	66	11
77	2611	13	66	12
93	2608	8	66	13
64	2629	21	66	14
81	2616	11	66	15
94	2611	6	66	16
76	2624	14	66	17
83	2620	14	66	18
73	2628	10	66	19
100	2615	11	66	20
99	2615	0	66	21
84	2598	18	68	5
78	2600	17	69	5
91	2600	0	69	6
85	2601	6	69	7
93	2602	9	69	8
93	2602	13	69	9
92	2605	7	69	10
85	2604	45	70	3
88	2601	14	70	4
66	2641	38	71	26
72	2638	16	71	27
16	2677	44	72	1
15	2687	14	72	2
22	2676	29	72	3
20	2676	0	72	4
12	2670	21	72	5
23	2675	0	72	6
26	2663	20	72	7
25	2673	6	72	8
18	2682	7	72	9
19	2684	9	72	10
17	2690	20	72	11
18	2686	24	72	12
16	2701	19	72	13
17	2701	0	72	14
17	2702	9	72	15
15	2712	19	72	16
21	2684	14	72	17
20	2687	15	72	18
28	2674	17	72	19
28	2673	13	72	20
29	2673	0	72	21
30	2673	0	72	22
27	2676	2	72	23
26	2677	10	72	24
28	2676	11	72	25
28	2677	9	72	26
22	2691	20	72	27
24	2691	0	72	28
26	2683	10	72	29
59	2649	27	72	30
70	2645	15	72	31
57	2660	13	72	32
67	2655	25	72	33
84	2642	11	72	34
61	2663	31	72	35
56	2674	13	72	36
44	2684	14	72	37
29	2706	10	72	38
29	2707	16	72	39
38	2696	7	72	40
46	2686	13	72	41
48	2685	9	72	42
45	2690	14	72	43
45	2690	0	72	44
57	2680	13	72	45
88	2658	13	72	46
64	2676	19	72	47
52	2682	9	72	48
51	2687	9	72	49
49	2698	20	72	50
48	2698	0	72	51
91	2599	40	74	7
83	2606	25	74	8
49	2643	48	74	9
60	2628	38	74	10
62	2626	16	74	11
63	2628	37	74	12
50	2642	32	74	13
37	2658	37	74	14
59	2633	27	74	15
95	2610	47	74	16
58	2635	44	74	17
95	2614	42	74	19
81	2606	23	75	1
85	2603	10	75	2
54	2631	15	75	3
54	2631	0	75	4
34	2630	38	75	5
54	2630	0	75	6
51	2636	10	75	7
49	2636	0	75	8
76	2617	34	75	9
75	2617	0	75	10
90	2604	21	75	11
77	2611	9	75	12
87	2610	34	75	13
86	2610	0	75	14
81	2616	16	75	15
83	2616	0	75	16
76	2624	18	75	17
80	2623	2	75	18
27	2661	22	76	1
20	2674	12	76	2
22	2676	46	76	3
20	2676	0	76	4
2	2695	32	76	5
17	2686	13	76	6
33	2655	25	76	7
32	2654	9	76	8
32	2658	30	76	9
34	2658	0	76	10
36	2654	24	76	11
42	2647	10	76	12
57	2637	28	76	13
44	2651	6	76	14
54	2637	25	76	15
56	2637	0	76	16
73	2626	33	76	17
77	2625	11	76	18
44	2654	33	76	19
37	2666	15	76	20
39	2666	25	76	21
55	2648	24	76	22
63	2645	25	76	23
26	2677	28	76	24
23	2685	30	76	25
26	2680	10	76	26
42	2661	18	76	27
54	2653	12	76	28
46	2663	21	76	29
59	2649	21	76	30
55	2662	28	76	31
53	2665	10	76	32
46	2671	32	76	33
80	2645	23	76	34
99	2634	28	76	35
94	2637	11	76	36
94	2645	18	76	37
68	2663	26	76	38
52	2672	13	76	39
53	2672	0	76	40
58	2669	18	76	41
74	2662	24	76	42
59	2675	13	76	43
51	2685	22	76	44
71	2669	31	76	45
72	2669	0	76	46
78	2666	10	76	47
90	2656	11	76	48
93	2654	21	76	49
82	2664	18	76	50
78	2666	7	76	51
81	2616	18	78	15
74	2623	10	78	16
85	2618	10	78	17
75	2626	9	78	18
66	2633	18	78	19
67	2633	0	78	20
83	2624	9	78	21
97	2620	17	78	25
99	2620	0	78	26
24	2667	35	79	1
28	2658	13	79	2
16	2690	30	79	3
16	2690	0	79	4
13	2699	16	79	5
13	2702	6	79	6
17	2688	10	79	7
14	2698	13	79	8
14	2690	8	79	9
14	2690	0	79	10
12	2702	22	79	11
14	2702	0	79	12
24	2678	30	79	13
25	2678	0	79	14
28	2674	23	79	15
32	2668	9	79	16
35	2669	17	79	17
32	2669	0	79	18
39	2662	13	79	19
41	2658	18	79	20
49	2653	9	79	21
49	2653	0	79	22
42	2660	13	79	23
69	2640	20	79	24
91	2622	7	79	25
93	2622	0	79	26
97	2619	16	79	27
98	2624	9	79	28
90	2632	18	79	29
74	2643	10	79	30
80	2638	12	79	31
100	2628	9	79	32
93	2634	27	79	33
44	2640	0	80	1
42	2640	0	80	2
42	2640	0	80	3
43	2640	0	80	4
46	2625	17	80	5
59	2625	0	80	6
57	2630	4	80	7
74	2613	9	80	8
80	2613	0	80	9
93	2604	2	80	10
90	2604	0	80	11
76	2608	12	81	1
77	2608	0	81	2
79	2608	0	81	3
76	2608	0	81	4
60	2608	0	81	5
99	2596	9	81	7
69	2611	38	82	1
65	2616	9	82	2
99	2595	31	82	4
77	2606	34	82	7
99	2601	18	82	12
68	2627	18	82	16
65	2630	9	82	17
56	2640	26	82	18
88	2607	13	83	10
81	2616	19	83	15
10	2702	17	84	1
13	2694	19	84	2
11	2709	22	84	3
10	2709	0	84	4
8	2719	29	84	5
9	2719	0	84	6
12	2707	19	84	7
7	2724	22	84	8
7	2726	12	84	9
8	2737	10	84	10
8	2729	7	84	11
7	2734	13	84	12
9	2721	11	84	13
4	2739	11	84	14
14	2714	14	84	15
16	2711	13	84	16
12	2715	8	84	17
12	2715	0	84	18
13	2709	10	84	19
15	2709	0	84	20
22	2688	14	84	21
27	2675	7	84	22
20	2698	29	84	23
17	2701	11	84	24
24	2683	26	84	25
24	2683	0	84	26
66	2643	38	84	27
68	2643	0	84	28
59	2653	19	84	29
57	2653	0	84	30
39	2677	25	84	31
44	2677	0	84	32
67	2655	7	84	33
75	2647	15	84	34
85	2645	4	84	35
96	2636	9	84	36
97	2643	10	84	40
60	2667	18	84	41
70	2663	11	84	42
74	2663	0	84	43
76	2663	0	84	44
81	2663	0	84	45
80	2663	0	84	46
82	2663	0	84	47
97	2595	29	85	1
66	2614	16	85	2
93	2598	20	86	3
83	2605	0	87	1
71	2623	25	87	11
63	2628	9	87	12
51	2641	11	87	13
72	2623	10	87	14
67	2637	37	87	22
82	2631	2	87	23
84	2631	0	87	24
76	2634	12	87	25
60	2646	37	87	26
88	2647	26	87	37
95	2644	27	87	38
99	2643	18	87	41
87	2601	16	88	6
99	2596	7	88	7
99	2617	67	89	22
73	2635	26	89	23
75	2637	15	89	24
90	2624	22	89	25
87	2601	67	90	1
93	2599	19	90	2
77	2609	24	90	3
99	2595	18	90	4
77	2606	20	90	7
66	2622	18	90	8
65	2624	13	90	9
69	2621	29	90	10
80	2613	14	90	11
72	2623	16	90	15
72	2624	33	90	16
81	2637	30	90	29
87	2633	22	90	32
16	2677	25	91	1
20	2674	4	91	2
17	2686	33	91	3
15	2691	0	91	4
1	2702	30	91	5
15	2698	2	91	6
13	2702	33	91	7
17	2685	9	91	8
21	2676	23	91	9
21	2683	14	91	10
32	2664	11	91	11
34	2662	18	91	12
35	2656	28	91	13
29	2670	14	91	14
29	2670	13	91	15
27	2675	11	91	16
32	2671	20	91	17
30	2673	4	91	18
53	2644	27	91	19
46	2649	9	91	20
50	2652	13	91	21
30	2673	32	91	22
38	2662	28	91	23
43	2662	0	91	24
51	2659	29	91	25
45	2659	0	91	26
51	2654	26	91	27
58	2650	9	91	28
64	2649	10	91	29
80	2639	17	91	30
92	2630	14	91	32
89	2637	22	91	33
72	2649	27	91	34
77	2647	14	91	35
88	2641	9	91	36
81	2650	15	91	37
88	2648	17	91	38
65	2662	16	91	39
58	2668	11	91	40
94	2647	14	91	41
90	2646	16	91	43
85	2657	9	91	44
90	2654	21	91	45
83	2660	9	91	46
91	2658	5	91	47
82	2661	11	91	48
67	2676	20	91	49
65	2678	35	91	50
75	2670	15	91	51
49	2633	43	92	1
47	2633	0	92	2
73	2612	28	92	3
75	2609	9	92	4
95	2603	20	92	10
65	2624	26	92	11
46	2644	17	92	12
55	2638	38	92	13
66	2627	18	92	14
88	2611	17	92	15
99	2620	35	92	26
92	2629	18	92	28
67	2655	45	92	33
75	2647	20	92	34
87	2644	10	92	35
69	2611	33	93	1
70	2611	0	93	2
30	2659	67	93	3
30	2659	0	93	4
31	2658	35	93	6
28	2659	17	93	7
40	2647	17	93	8
20	2677	28	93	9
19	2684	27	93	10
19	2688	27	93	11
24	2677	24	93	12
20	2693	57	93	13
19	2695	4	93	14
16	2706	22	93	15
19	2690	13	93	16
26	2679	44	93	17
37	2663	31	93	18
19	2685	24	93	19
40	2662	13	93	20
21	2691	27	93	21
21	2696	36	93	22
24	2689	18	93	23
28	2676	16	93	24
54	2652	49	93	25
39	2670	22	93	26
52	2652	6	93	27
38	2663	13	93	28
43	2666	19	93	29
39	2673	31	93	30
32	2686	23	93	31
29	2690	1	93	32
62	2658	27	93	33
70	2650	11	93	34
66	2657	17	93	35
58	2669	23	93	36
74	2655	32	93	37
79	2657	10	93	38
80	2652	11	93	39
88	2649	12	93	40
82	2654	25	93	42
99	2641	25	93	43
90	2657	9	93	46
71	2672	14	93	49
69	2673	9	93	50
86	2603	65	95	1
15	2681	27	96	1
16	2683	9	96	2
10	2712	37	96	3
9	2712	0	96	4
9	2714	13	96	5
14	2701	19	96	6
11	2708	18	96	7
10	2710	22	96	8
11	2710	0	96	9
11	2704	6	96	10
13	2700	14	96	11
16	2700	0	96	12
19	2695	9	96	13
15	2703	11	96	14
15	2709	15	96	15
13	2714	10	96	16
15	2709	14	96	17
18	2693	8	96	18
16	2696	17	96	19
14	2713	22	96	20
10	2724	12	96	21
13	2717	18	96	22
9	2723	33	96	23
10	2727	13	96	24
10	2729	20	96	25
10	2733	11	96	26
10	2733	19	96	27
11	2733	0	96	28
13	2733	21	96	29
11	2736	21	96	30
11	2737	9	96	31
16	2723	13	96	32
18	2720	10	96	33
20	2719	27	96	34
14	2733	17	96	35
15	2733	0	96	36
9	2755	27	96	37
8	2756	33	96	38
6	2758	11	96	39
6	2761	25	96	40
8	2750	7	96	41
11	2741	16	96	42
12	2739	23	96	43
10	2751	10	96	44
14	2741	16	96	45
15	2733	9	96	46
15	2733	0	96	47
15	2733	4	96	48
12	2746	14	96	49
14	2746	0	96	50
14	2744	4	96	51
53	2627	22	97	1
54	2627	11	97	2
46	2639	15	97	3
47	2639	0	97	4
18	2656	49	97	5
33	2656	0	97	6
50	2638	11	97	7
54	2633	18	97	8
85	2609	27	97	9
91	2606	13	97	10
97	2607	24	97	15
94	2613	10	97	18
95	2614	6	97	19
78	2628	11	97	20
89	2619	11	97	21
34	2649	45	98	1
42	2640	8	98	2
53	2632	54	98	3
56	2628	13	98	4
34	2630	34	98	5
39	2649	35	98	6
28	2659	9	98	7
30	2659	13	98	8
45	2646	18	98	9
43	2646	0	98	10
40	2646	0	98	11
44	2646	0	98	12
62	2632	8	98	13
70	2624	6	98	14
70	2624	0	98	15
72	2624	0	98	16
76	2624	0	98	17
18	2676	26	100	1
18	2681	14	100	2
18	2685	13	100	3
18	2685	0	100	4
6	2690	18	100	5
22	2676	17	100	6
20	2683	21	100	7
19	2677	22	100	8
21	2676	11	100	9
24	2673	19	100	10
17	2690	16	100	11
17	2695	9	100	12
17	2698	16	100	13
14	2705	9	100	14
20	2682	15	100	15
20	2689	19	100	16
18	2690	26	100	17
16	2698	23	100	18
14	2704	19	100	19
16	2705	19	100	20
20	2698	20	100	21
22	2694	21	100	22
21	2697	30	100	23
30	2673	20	100	24
45	2666	19	100	25
52	2655	18	100	26
44	2658	37	100	27
85	2633	40	100	28
91	2633	28	100	31
62	2657	20	100	32
64	2657	17	100	33
51	2670	5	100	34
39	2688	24	100	35
60	2668	38	100	36
69	2660	15	100	37
74	2659	19	100	38
72	2655	44	100	39
87	2650	9	100	40
81	2653	9	100	41
81	2655	21	100	42
79	2660	33	100	43
93	2649	5	100	44
66	2674	22	100	45
43	2694	18	100	46
39	2697	9	100	47
38	2703	19	100	48
31	2711	12	100	49
34	2711	16	100	50
33	2710	23	100	51
95	2601	9	101	8
92	2603	27	101	9
8	2719	10	102	1
8	2716	7	102	2
9	2717	39	102	3
6	2731	13	102	4
6	2731	0	102	5
7	2731	0	102	6
8	2717	39	102	7
9	2711	19	102	8
10	2711	0	102	9
9	2709	2	102	10
15	2699	25	102	11
12	2704	13	102	12
13	2710	22	102	13
13	2710	0	102	14
13	2716	16	102	15
12	2716	0	102	16
12	2715	13	102	17
14	2705	10	102	18
11	2711	29	102	19
6	2739	17	102	20
5	2752	25	102	21
5	2748	31	102	22
8	2729	34	102	23
7	2731	27	102	24
7	2734	39	102	25
6	2741	12	102	26
5	2750	33	102	27
12	2729	24	102	28
4	2762	22	102	29
2	2787	20	102	30
9	2751	30	102	31
11	2740	35	102	32
4	2781	25	102	33
3	2786	50	102	34
3	2779	19	102	35
12	2746	37	102	36
29	2703	30	102	37
8	2756	42	102	38
12	2739	13	102	39
8	2749	13	102	40
11	2748	13	102	41
11	2741	10	102	42
12	2739	25	102	43
9	2754	9	102	44
7	2764	16	102	45
9	2764	0	102	46
5	2779	19	102	47
5	2776	9	102	48
7	2768	20	102	49
7	2765	15	102	50
6	2775	26	102	51
64	2619	0	103	1
63	2619	0	103	2
92	2600	76	103	3
98	2599	35	103	8
80	2613	63	103	11
89	2606	58	103	12
57	2649	56	103	23
33	2671	79	103	24
69	2638	48	103	25
48	2657	42	103	26
70	2645	80	103	31
67	2651	44	103	32
100	2631	47	103	33
62	2607	57	104	5
75	2607	0	104	6
89	2600	9	104	7
93	2608	32	104	13
67	2604	48	105	5
81	2604	0	105	6
3	2762	23	106	1
2	2774	19	106	2
2	2790	16	106	3
3	2794	13	106	4
3	2797	6	106	5
3	2770	10	106	6
3	2757	14	106	7
3	2752	12	106	8
3	2755	2	106	9
3	2755	0	106	10
3	2753	11	106	11
3	2764	25	106	12
3	2774	7	106	13
3	2766	10	106	14
3	2766	0	106	15
2	2774	13	106	16
2	2782	9	106	17
2	2781	16	106	18
2	2786	11	106	19
2	2785	25	106	20
2	2788	18	106	21
2	2788	0	106	22
3	2792	14	106	23
2	2803	13	106	24
2	2779	26	106	25
2	2779	0	106	26
2	2779	0	106	27
1	2786	27	106	28
1	2792	4	106	29
1	2801	21	106	30
1	2799	3	106	31
1	2803	27	106	32
1	2798	2	106	33
5	2783	10	106	34
2	2791	11	106	35
2	2783	14	106	36
2	2788	2	106	37
2	2788	0	106	38
3	2788	0	106	39
3	2790	9	106	40
4	2787	13	106	41
4	2789	2	106	42
3	2800	13	106	43
3	2800	0	106	44
1	2804	6	106	45
2	2810	17	106	46
1	2817	13	106	47
1	2817	0	106	48
2	2817	0	106	49
2	2817	0	106	50
2	2811	10	106	51
90	2601	24	107	3
91	2600	14	107	4
78	2600	0	107	5
91	2600	0	107	6
89	2600	0	107	7
99	2598	0	107	11
68	2612	21	108	1
84	2604	41	108	2
88	2602	15	108	3
85	2603	0	108	4
57	2610	41	108	5
70	2610	0	108	6
100	2600	18	108	9
88	2607	12	108	10
96	2601	20	108	11
97	2619	16	108	27
72	2602	54	109	5
81	2605	18	110	4
97	2595	35	111	1
97	2595	0	111	2
77	2609	28	111	3
67	2614	0	111	4
26	2643	24	111	5
42	2643	0	111	6
44	2644	25	111	7
42	2644	2	111	8
35	2655	28	111	9
45	2645	12	111	10
45	2640	14	111	11
51	2640	0	111	12
63	2631	38	111	13
82	2613	10	111	14
95	2614	18	111	19
96	2616	21	111	21
39	2629	66	112	5
48	2634	31	112	6
70	2624	50	112	15
47	2656	28	112	21
36	2669	49	112	22
40	2661	36	112	23
69	2640	11	112	24
72	2637	37	112	25
86	2628	30	112	26
93	2630	24	112	31
82	2639	9	112	32
77	2647	9	112	35
79	2648	7	112	36
5	2755	38	113	1
4	2754	8	113	2
4	2746	35	113	3
4	2750	13	113	4
4	2744	19	113	5
7	2731	10	113	6
4	2742	25	113	7
5	2744	25	113	8
4	2752	18	113	9
4	2745	6	113	10
6	2734	20	113	11
8	2723	9	113	12
10	2719	29	113	13
8	2725	10	113	14
11	2720	7	113	15
8	2731	13	113	16
6	2738	13	113	17
7	2740	26	113	18
6	2741	20	113	19
7	2737	25	113	20
13	2719	25	113	21
12	2718	9	113	22
17	2707	14	113	23
11	2720	15	113	24
8	2732	25	113	25
9	2735	18	113	26
9	2735	0	113	27
10	2734	10	113	28
15	2724	18	113	29
13	2729	16	113	30
15	2726	31	113	31
14	2729	13	113	32
13	2735	20	113	33
12	2734	16	113	34
24	2712	29	113	35
28	2703	13	113	36
34	2699	7	113	37
50	2682	25	113	38
36	2698	12	113	39
39	2694	17	113	40
33	2704	10	113	41
41	2697	19	113	42
34	2706	15	113	43
18	2728	21	113	44
22	2723	18	113	45
22	2723	7	113	46
28	2716	10	113	47
21	2726	9	113	48
26	2715	14	113	49
18	2733	29	113	50
17	2734	10	113	51
28	2660	20	114	1
23	2671	8	114	2
35	2656	8	114	3
36	2654	21	114	4
16	2660	27	114	5
29	2660	0	114	6
21	2680	16	114	7
18	2678	9	114	8
16	2689	12	114	9
16	2689	0	114	10
11	2703	18	114	11
13	2703	0	114	12
14	2703	0	114	13
22	2684	9	114	14
19	2693	6	114	15
20	2689	13	114	16
17	2692	15	114	17
19	2692	16	114	18
17	2693	13	114	19
17	2703	9	114	20
15	2705	9	114	21
15	2707	17	114	22
18	2704	13	114	23
16	2706	19	114	24
16	2713	21	114	25
15	2713	0	114	26
20	2700	15	114	27
20	2703	18	114	28
18	2708	5	114	29
18	2713	5	114	30
23	2700	30	114	31
49	2673	17	114	32
44	2673	17	114	33
42	2679	5	114	34
31	2700	33	114	35
33	2696	11	114	36
25	2712	13	114	37
34	2698	13	114	38
34	2700	7	114	39
49	2678	10	114	40
43	2688	9	114	41
43	2694	11	114	42
43	2691	13	114	43
43	2691	0	114	44
65	2675	29	114	45
63	2675	0	114	46
66	2675	0	114	47
71	2670	11	114	48
81	2667	9	114	49
63	2681	9	114	50
63	2681	0	114	51
42	2641	51	116	1
33	2651	9	116	2
19	2684	22	116	3
20	2676	5	116	4
19	2655	36	116	5
25	2668	18	116	6
38	2651	9	116	7
37	2652	17	116	8
56	2631	18	116	9
62	2627	9	116	10
57	2630	26	116	11
33	2663	24	116	12
42	2650	38	116	13
27	2673	10	116	14
23	2679	31	116	15
36	2665	28	116	16
42	2663	39	116	17
32	2669	16	116	18
22	2683	26	116	19
18	2700	18	116	20
18	2700	30	116	21
24	2682	22	116	22
40	2661	22	116	23
38	2666	22	116	24
59	2645	40	116	25
45	2659	11	116	26
44	2658	21	116	27
80	2636	25	116	28
61	2650	30	116	29
51	2657	4	116	30
54	2663	7	116	31
53	2665	19	116	32
37	2686	33	116	33
38	2682	9	116	34
41	2687	15	116	35
38	2690	11	116	36
40	2689	12	116	37
43	2688	8	116	38
43	2692	24	116	39
41	2692	6	116	40
49	2684	18	116	41
63	2668	21	116	42
42	2695	28	116	43
45	2690	13	116	44
48	2686	17	116	45
44	2693	7	116	46
72	2671	23	116	47
63	2678	20	116	48
66	2678	0	116	49
89	2656	25	116	50
80	2665	18	116	51
62	2620	67	117	1
72	2610	16	117	2
60	2628	30	117	3
56	2628	0	117	4
49	2617	48	117	5
68	2611	18	117	6
62	2626	12	117	7
60	2627	20	117	8
83	2612	24	117	11
59	2632	28	117	12
59	2635	27	117	13
55	2635	0	117	14
65	2628	15	117	15
57	2636	19	117	16
68	2628	28	117	17
68	2629	19	117	18
70	2629	0	117	19
86	2636	18	117	31
97	2629	16	117	32
62	2658	36	117	33
77	2646	12	117	34
77	2647	9	117	35
79	2652	30	117	37
87	2649	9	117	38
99	2642	11	117	39
73	2610	17	118	1
72	2610	0	118	2
75	2610	7	118	3
73	2610	0	118	4
47	2619	31	118	5
61	2619	0	118	6
67	2619	0	118	7
63	2623	2	118	8
71	2621	14	118	9
55	2632	11	118	10
38	2649	34	118	11
48	2643	9	118	12
81	2614	31	118	13
40	2669	51	118	29
32	2678	15	118	30
77	2641	17	118	31
87	2633	19	118	32
74	2655	33	118	37
81	2655	0	118	38
61	2664	16	118	39
95	2645	10	118	40
6	2746	33	119	1
6	2746	0	119	2
7	2718	57	119	3
8	2723	23	119	4
11	2706	21	119	5
11	2706	0	119	6
9	2715	26	119	7
12	2704	12	119	8
13	2697	18	119	9
13	2699	9	119	10
9	2723	16	119	11
5	2735	22	119	12
6	2732	23	119	13
5	2737	2	119	14
5	2736	16	119	15
14	2713	25	119	16
10	2725	24	119	17
10	2726	2	119	18
10	2713	19	119	19
13	2714	21	119	20
15	2705	29	119	21
14	2710	8	119	22
15	2709	6	119	23
18	2699	10	119	24
15	2716	43	119	25
14	2720	11	119	26
17	2715	21	119	27
21	2699	20	119	28
10	2735	28	119	29
10	2739	11	119	30
7	2755	49	119	31
11	2740	14	119	32
9	2741	11	119	33
18	2726	34	119	34
12	2745	19	119	35
13	2745	0	119	36
15	2732	38	119	37
18	2730	18	119	38
19	2719	18	119	39
20	2723	19	119	40
14	2737	13	119	41
10	2742	10	119	42
9	2749	7	119	43
11	2749	0	119	44
16	2735	32	119	45
24	2722	15	119	46
38	2701	13	119	47
32	2709	6	119	48
29	2714	12	119	49
31	2713	10	119	50
39	2705	22	119	51
92	2632	27	120	31
83	2604	26	121	7
99	2598	22	121	8
57	2626	24	122	1
56	2626	0	122	2
85	2604	68	122	3
81	2605	11	122	4
52	2614	32	122	5
85	2602	29	122	6
83	2606	9	122	8
93	2602	21	122	9
71	2620	34	122	10
62	2632	42	122	15
24	2680	34	122	16
22	2683	31	122	17
22	2683	0	122	18
35	2668	18	122	19
44	2653	13	122	20
55	2645	14	122	21
51	2652	56	122	22
68	2638	14	122	23
87	2625	19	122	24
97	2620	17	122	25
48	2657	18	122	26
37	2665	8	122	27
34	2675	30	122	28
38	2675	0	122	29
34	2676	33	122	30
30	2690	17	122	31
29	2690	0	122	32
27	2705	16	122	33
40	2681	9	122	34
55	2669	10	122	35
65	2659	18	122	36
70	2659	2	122	37
74	2659	0	122	38
80	2652	5	122	39
96	2644	6	122	40
97	2644	0	122	41
92	2644	0	122	42
96	2644	0	122	43
99	2644	0	122	44
95	2653	9	122	46
94	2653	0	122	47
99	2648	3	122	48
97	2651	16	122	49
95	2651	0	122	50
97	2653	8	122	51
37	2646	20	123	1
44	2639	5	123	2
81	2599	22	123	5
94	2599	0	123	6
99	2598	9	123	8
95	2604	9	123	12
83	2616	9	123	16
81	2620	9	123	17
86	2619	14	123	18
100	2616	22	123	22
93	2624	16	123	27
39	2643	49	124	1
39	2643	0	124	2
12	2700	62	124	3
26	2670	18	124	4
2	2695	44	124	5
10	2714	26	124	6
14	2697	20	124	7
43	2642	24	124	8
47	2645	20	124	9
22	2681	18	124	10
30	2668	24	124	11
26	2675	22	124	12
31	2661	19	124	13
41	2654	13	124	14
79	2617	15	124	15
46	2651	22	124	16
25	2680	18	124	17
25	2681	33	124	18
23	2679	13	124	19
22	2687	22	124	20
48	2655	16	124	21
55	2648	39	124	22
59	2647	27	124	23
52	2655	13	124	24
29	2675	38	124	25
29	2676	15	124	26
26	2683	11	124	27
36	2674	15	124	28
33	2679	26	124	29
31	2679	31	124	30
34	2681	16	124	31
45	2676	15	124	32
81	2644	31	124	33
74	2655	33	124	37
86	2650	19	124	38
80	2652	15	124	39
84	2653	13	124	42
57	2677	27	124	43
58	2679	28	124	44
78	2666	15	124	45
62	2676	12	124	46
60	2677	15	124	47
67	2675	9	124	48
54	2683	16	124	49
55	2689	36	124	50
59	2686	9	124	51
77	2615	15	125	11
94	2605	17	125	12
76	2608	40	126	1
81	2606	18	126	2
95	2597	39	126	3
85	2603	13	126	4
48	2618	16	126	5
94	2599	18	126	6
69	2614	22	126	7
61	2625	9	126	8
57	2628	26	126	9
57	2631	37	126	10
51	2635	24	126	11
72	2623	32	126	12
83	2613	51	126	13
87	2617	30	126	18
76	2627	43	126	19
71	2631	10	126	20
26	2678	32	126	21
20	2699	35	126	22
33	2669	24	126	23
36	2669	23	126	24
38	2668	36	126	25
26	2680	47	126	26
27	2682	22	126	27
38	2663	30	126	28
66	2648	33	126	29
74	2643	53	126	30
62	2649	30	126	31
85	2634	26	126	32
79	2645	42	126	33
36	2686	56	126	34
44	2685	10	126	35
32	2697	38	126	36
57	2674	34	126	37
57	2670	45	126	38
61	2664	34	126	39
62	2662	2	126	40
81	2653	13	126	41
29	2657	76	127	1
31	2655	9	127	2
39	2648	17	127	3
39	2648	0	127	4
39	2629	33	127	5
75	2607	26	127	6
73	2611	8	127	7
78	2611	0	127	8
93	2602	9	127	9
97	2602	0	127	10
35	2648	26	128	1
34	2648	0	128	2
31	2658	35	128	3
31	2658	0	128	4
10	2675	40	128	5
35	2653	29	128	6
19	2687	21	128	7
23	2675	22	128	8
29	2663	12	128	9
31	2665	0	128	10
29	2670	18	128	11
29	2666	9	128	12
25	2677	29	128	13
32	2666	21	128	14
27	2676	14	128	15
24	2680	9	128	16
37	2666	23	128	17
23	2682	21	128	18
24	2678	21	128	19
25	2678	0	128	20
31	2672	14	128	21
25	2679	20	128	22
26	2682	21	128	23
24	2682	3	128	24
29	2675	24	128	25
51	2656	14	128	26
49	2656	0	128	27
42	2661	3	128	28
57	2654	4	128	29
51	2657	4	128	30
57	2657	0	128	31
62	2657	0	128	32
64	2657	0	128	33
74	2658	0	128	41
96	2597	5	129	2
75	2610	33	129	3
73	2610	0	129	4
23	2646	46	129	5
40	2645	9	129	6
43	2645	10	129	7
32	2654	9	129	8
45	2646	20	129	9
69	2621	22	129	10
55	2633	23	129	11
40	2650	26	129	12
32	2659	22	129	13
33	2664	8	129	14
23	2679	23	129	15
32	2668	7	129	16
37	2666	18	129	17
42	2659	4	129	18
61	2635	35	129	19
64	2635	0	129	20
70	2633	17	129	21
72	2636	31	129	22
50	2653	14	129	23
79	2634	14	129	24
82	2627	16	129	25
96	2636	29	129	35
98	2642	31	129	43
95	2647	5	129	44
95	2649	9	129	45
60	2620	19	130	6
47	2642	20	130	7
49	2636	8	130	8
59	2626	19	130	9
71	2620	29	130	10
74	2620	13	130	11
69	2625	9	130	12
58	2636	47	130	13
67	2626	20	130	14
53	2638	9	130	15
67	2628	9	130	16
47	2652	31	130	17
37	2663	14	130	18
49	2648	15	130	19
44	2653	22	130	20
38	2668	21	130	21
57	2646	31	130	22
65	2644	4	130	23
61	2646	2	130	24
67	2640	29	130	25
68	2640	0	130	26
53	2651	10	130	27
60	2649	3	130	28
80	2638	31	130	29
97	2629	5	130	32
71	2652	42	130	33
60	2662	10	130	34
63	2660	10	130	35
60	2668	3	130	36
50	2680	17	130	37
45	2687	10	130	38
37	2697	10	130	39
35	2697	0	130	40
38	2697	0	130	41
40	2698	9	130	42
37	2700	2	130	43
67	2670	17	130	44
68	2670	7	130	45
68	2670	0	130	46
73	2670	0	130	47
55	2681	26	130	48
59	2681	0	130	49
58	2687	17	130	50
52	2693	14	130	51
62	2620	62	131	3
61	2625	9	131	4
62	2607	30	131	5
68	2611	28	131	6
76	2607	6	131	7
99	2598	18	131	8
90	2604	12	131	11
29	2657	23	132	1
27	2659	5	132	2
25	2672	15	132	3
24	2672	0	132	4
27	2642	35	132	5
51	2632	9	132	6
52	2634	6	132	7
54	2633	9	132	8
61	2625	11	132	9
55	2632	10	132	10
43	2642	8	132	11
48	2643	18	132	12
39	2654	30	132	13
51	2645	11	132	14
49	2642	16	132	15
58	2635	9	132	16
92	2615	20	132	17
78	2625	23	132	21
83	2629	7	132	22
67	2642	16	132	23
67	2643	3	132	24
59	2645	25	132	25
54	2653	11	132	26
57	2649	6	132	27
56	2652	3	132	28
55	2655	30	132	29
48	2661	19	132	30
57	2657	18	132	31
62	2657	0	132	32
56	2664	18	132	33
55	2664	0	132	34
66	2657	8	132	35
68	2657	0	132	36
81	2650	17	132	37
58	2669	11	132	38
99	2642	14	132	39
90	2604	11	133	9
93	2604	0	133	10
90	2604	0	133	11
100	2600	9	133	12
87	2610	12	133	13
86	2610	0	133	14
99	2613	2	133	19
89	2619	18	133	21
84	2641	19	133	33
86	2640	9	133	34
98	2643	9	133	38
76	2653	15	133	39
97	2643	9	133	40
78	2600	45	134	5
91	2609	78	135	13
88	2614	20	135	16
65	2630	46	135	17
98	2611	43	135	18
82	2609	22	136	8
52	2636	18	136	9
47	2642	13	136	10
65	2624	24	136	11
56	2634	9	136	12
73	2620	38	136	13
75	2620	0	136	14
63	2630	15	136	15
66	2629	9	136	16
75	2625	16	136	17
72	2628	10	136	18
66	2634	22	136	20
85	2622	21	136	21
84	2629	21	136	23
92	2620	30	136	24
81	2628	10	136	25
86	2628	0	136	26
76	2636	27	136	27
76	2640	9	136	28
50	2659	19	136	29
61	2648	11	136	30
87	2633	18	136	32
91	2636	19	136	33
53	2627	43	137	1
61	2620	21	137	2
46	2639	18	137	3
49	2637	21	137	4
34	2630	21	137	5
45	2639	9	137	6
39	2649	25	137	7
39	2649	0	137	8
44	2647	8	137	9
42	2647	0	137	10
41	2645	10	137	11
31	2664	18	137	12
37	2655	34	137	13
38	2657	11	137	14
34	2656	16	137	15
36	2665	9	137	16
40	2664	27	137	17
32	2669	12	137	18
26	2677	6	137	19
30	2672	9	137	20
36	2669	23	137	21
37	2668	23	137	22
57	2649	34	137	23
75	2637	12	137	24
64	2642	21	137	25
66	2641	0	137	26
68	2641	14	137	27
85	2633	3	137	28
85	2634	30	137	29
90	2634	0	137	30
67	2646	32	137	31
71	2649	11	137	32
93	2634	22	137	33
86	2640	11	137	34
52	2628	10	138	1
52	2628	0	138	2
52	2633	6	138	3
51	2633	0	138	4
33	2631	16	138	5
52	2631	0	138	6
56	2631	0	138	7
57	2631	0	138	8
65	2624	5	138	9
66	2624	0	138	10
65	2624	0	138	11
71	2624	0	138	12
68	2626	13	138	13
67	2626	0	138	14
66	2626	0	138	15
70	2626	0	138	16
88	2617	11	138	17
87	2617	0	138	18
90	2617	0	138	19
97	2617	0	138	20
81	2662	20	138	51
18	2700	9	140	20
18	2700	0	140	21
23	2690	28	140	22
25	2686	20	140	23
33	2671	13	140	24
20	2697	29	140	25
18	2705	9	140	26
18	2705	0	140	27
19	2705	0	140	28
16	2718	28	140	29
16	2714	9	140	30
15	2726	32	140	31
15	2726	0	140	32
16	2723	28	140	33
16	2729	22	140	34
17	2725	16	140	35
24	2720	20	140	36
18	2717	22	140	37
38	2692	32	140	38
40	2695	16	140	39
40	2693	6	140	40
34	2702	28	140	41
36	2702	9	140	42
31	2713	10	140	43
35	2705	9	140	44
19	2726	26	140	45
18	2730	6	140	46
15	2733	9	140	47
17	2732	7	140	48
15	2741	12	140	49
10	2756	18	140	50
19	2732	16	140	51
20	2670	24	141	1
32	2653	18	141	2
34	2657	26	141	3
33	2657	0	141	4
28	2639	20	141	5
48	2634	15	141	6
33	2655	14	141	7
31	2657	9	141	8
32	2658	8	141	9
32	2664	9	141	10
42	2644	20	141	11
28	2670	19	141	12
26	2672	31	141	13
28	2672	0	141	14
37	2655	16	141	15
30	2671	9	141	16
19	2686	33	141	17
50	2649	22	141	18
48	2650	17	141	19
52	2645	9	141	20
55	2645	10	141	21
51	2652	13	141	22
35	2665	32	141	23
23	2687	11	141	24
41	2667	24	141	25
23	2688	11	141	26
31	2677	13	141	27
28	2680	1	141	28
33	2679	29	141	29
34	2676	11	141	30
26	2695	26	141	31
25	2695	0	141	32
30	2699	10	141	33
32	2702	14	141	34
28	2702	0	141	35
29	2702	0	141	36
29	2703	16	141	37
30	2703	0	141	38
37	2697	17	141	39
35	2697	4	141	40
38	2697	8	141	41
33	2704	9	141	42
48	2688	13	141	43
53	2683	5	141	44
60	2678	27	141	45
57	2678	0	141	46
57	2678	0	141	47
52	2682	21	141	48
53	2684	2	141	49
63	2681	11	141	50
59	2686	24	141	51
9	2707	11	142	1
9	2707	0	142	2
7	2718	26	142	3
11	2707	13	142	4
10	2711	9	142	5
6	2733	10	142	6
6	2739	8	142	7
4	2745	9	142	8
5	2745	0	142	9
5	2743	14	142	10
4	2743	0	142	11
5	2735	13	142	12
5	2735	0	142	13
6	2735	0	142	14
6	2735	0	142	15
5	2737	25	142	16
7	2737	0	142	17
5	2757	14	142	18
3	2757	0	142	19
3	2778	25	142	20
2	2788	10	142	21
3	2782	9	142	22
2	2801	14	142	23
1	2804	27	142	24
1	2813	14	142	25
1	2813	0	142	26
1	2783	17	142	27
2	2772	27	142	28
2	2769	10	142	29
4	2769	0	142	30
3	2780	14	142	31
4	2767	27	142	32
5	2777	10	142	33
1	2791	10	142	34
1	2796	8	142	35
1	2812	17	142	36
1	2813	10	142	37
1	2813	0	142	38
1	2810	10	142	39
2	2805	4	142	40
2	2805	0	142	41
2	2812	10	142	42
2	2803	12	142	43
2	2803	0	142	44
5	2786	9	142	45
6	2775	10	142	46
7	2775	0	142	47
7	2775	0	142	48
7	2768	4	142	49
6	2768	0	142	50
7	2768	0	142	51
99	2596	15	143	7
93	2639	20	143	35
85	2648	34	143	37
2	2770	23	145	1
3	2772	8	145	2
3	2772	0	145	3
2	2802	28	145	4
2	2802	10	145	5
2	2809	10	145	6
2	2809	0	145	7
2	2809	0	145	8
2	2807	3	145	9
2	2809	0	145	10
2	2809	0	145	11
2	2789	25	145	12
2	2785	2	145	13
2	2777	11	145	14
2	2777	0	145	15
3	2764	25	145	16
3	2770	4	145	17
3	2760	10	145	18
4	2754	14	145	19
5	2753	13	145	20
6	2744	12	145	21
7	2739	9	145	22
6	2741	4	145	23
9	2729	11	145	24
4	2743	9	145	25
3	2750	7	145	26
3	2766	11	145	27
2	2772	13	145	28
2	2769	1	145	29
3	2785	21	145	30
1	2799	9	145	31
2	2788	13	145	32
2	2788	0	145	33
6	2772	16	145	34
8	2759	20	145	35
4	2759	0	145	36
6	2759	0	145	37
4	2772	10	145	38
5	2772	0	145	39
4	2788	16	145	40
3	2790	13	145	41
3	2790	0	145	42
4	2790	0	145	43
5	2780	10	145	44
4	2791	21	145	45
4	2784	16	145	46
4	2785	13	145	47
4	2785	0	145	48
5	2781	8	145	49
4	2791	17	145	50
4	2800	6	145	51
87	2610	41	146	13
86	2610	0	146	14
53	2627	24	147	1
35	2647	18	147	2
31	2658	20	147	3
31	2658	0	147	4
14	2667	18	147	5
29	2660	9	147	6
33	2655	20	147	7
44	2641	30	147	8
48	2644	7	147	9
41	2649	33	147	10
35	2658	9	147	11
42	2647	16	147	12
34	2657	16	147	13
36	2661	26	147	14
41	2652	8	147	15
44	2652	0	147	16
46	2655	20	147	17
43	2653	14	147	18
46	2652	24	147	19
60	2638	31	147	20
74	2628	6	147	21
65	2640	34	147	22
54	2650	11	147	23
56	2650	0	147	24
38	2668	31	147	25
40	2668	0	147	26
38	2663	18	147	27
38	2663	0	147	28
61	2650	33	147	29
36	2674	20	147	30
51	2664	12	147	31
55	2664	0	147	32
48	2670	21	147	33
82	2644	30	147	34
65	2659	25	147	35
45	2684	28	147	36
34	2699	34	147	37
33	2699	0	147	38
52	2672	18	147	39
55	2670	4	147	40
44	2687	9	147	41
38	2699	9	147	42
36	2701	21	147	43
49	2688	7	147	44
53	2683	10	147	45
46	2689	13	147	46
57	2678	19	147	47
67	2675	15	147	48
68	2675	0	147	49
76	2669	11	147	50
69	2674	13	147	51
88	2601	9	149	2
63	2619	16	149	3
52	2632	9	149	4
49	2617	43	149	5
63	2617	0	149	6
63	2625	18	149	7
77	2612	9	149	8
78	2615	19	149	9
77	2615	0	149	10
75	2616	7	149	11
66	2627	19	149	12
64	2630	22	149	13
62	2630	0	149	14
90	2609	16	149	15
53	2639	15	149	16
72	2627	26	149	17
62	2632	6	149	18
86	2621	7	149	19
92	2621	9	149	20
86	2621	11	149	21
84	2598	51	150	5
83	2603	8	150	6
80	2605	45	150	7
83	2606	24	150	8
69	2622	15	150	9
77	2615	23	150	10
98	2611	24	150	18
90	2617	5	150	19
87	2624	9	150	20
83	2624	0	150	21
89	2622	12	150	22
99	2618	17	150	23
91	2621	3	150	24
97	2619	16	150	27
96	2625	5	150	28
94	2629	24	150	29
96	2631	9	150	30
100	2628	7	150	32
91	2636	32	150	33
98	2633	9	150	34
96	2650	41	150	50
74	2621	41	153	12
91	2626	18	153	27
81	2635	5	153	28
96	2628	18	153	29
99	2627	11	153	31
80	2640	10	153	32
89	2637	49	153	33
74	2650	30	153	35
83	2646	9	153	36
65	2665	23	153	37
72	2661	26	153	38
89	2649	15	153	39
79	2654	8	153	40
89	2650	10	153	41
82	2654	36	153	42
93	2645	23	153	43
97	2645	9	153	44
100	2645	0	153	45
93	2655	9	153	46
86	2661	10	153	47
82	2661	32	153	48
86	2659	8	153	49
93	2652	10	153	50
85	2661	5	153	51
87	2601	63	155	1
86	2602	12	155	2
85	2601	17	156	7
14	2689	9	157	1
12	2695	14	157	2
13	2695	40	157	3
12	2695	0	157	4
2	2695	9	157	5
17	2686	16	157	6
17	2688	29	157	7
16	2688	0	157	8
14	2690	16	157	9
14	2690	0	157	10
16	2693	16	157	11
11	2713	29	157	12
8	2723	34	157	13
9	2723	0	157	14
4	2747	24	157	15
6	2733	13	157	16
9	2727	15	157	17
8	2735	17	157	18
8	2735	19	157	19
10	2725	22	157	20
7	2738	26	157	21
6	2740	17	157	22
4	2765	21	157	23
4	2743	28	157	24
5	2742	28	157	25
3	2750	7	157	26
12	2728	28	157	27
9	2736	27	157	28
10	2735	6	157	29
12	2732	25	157	30
5	2763	19	157	31
9	2746	11	157	32
11	2738	32	157	33
17	2727	24	157	34
19	2723	27	157	35
18	2726	25	157	36
12	2739	36	157	37
12	2741	9	157	38
8	2754	17	157	39
10	2744	27	157	40
8	2750	9	157	41
15	2735	15	157	42
14	2734	18	157	43
17	2731	10	157	44
23	2722	16	157	45
18	2730	11	157	46
17	2730	0	157	47
14	2739	28	157	48
16	2739	0	157	49
16	2740	14	157	50
12	2755	21	157	51
96	2596	36	158	3
32	2656	39	159	1
30	2656	0	159	2
22	2676	34	159	3
19	2679	10	159	4
7	2686	13	159	5
17	2686	0	159	6
22	2677	19	159	7
19	2677	0	159	8
19	2681	1	159	9
18	2685	2	159	10
13	2700	25	159	11
10	2715	13	159	12
11	2718	9	159	13
10	2722	9	159	14
8	2728	6	159	15
9	2728	0	159	16
8	2728	0	159	17
9	2728	0	159	18
8	2732	13	159	20
8	2735	10	159	21
8	2735	0	159	22
14	2711	14	159	23
14	2711	0	159	24
17	2710	1	159	25
16	2710	0	159	26
13	2727	6	159	27
13	2727	0	159	28
19	2707	10	159	29
20	2708	9	159	30
22	2707	10	159	31
21	2709	13	159	32
22	2711	3	159	33
27	2711	0	159	34
34	2693	8	159	35
36	2693	0	159	36
42	2687	1	159	37
45	2687	0	159	38
48	2680	6	159	39
46	2682	4	159	40
50	2682	0	159	41
50	2682	0	159	42
53	2682	0	159	43
56	2682	0	159	44
48	2686	10	159	45
51	2686	0	159	46
49	2686	0	159	47
41	2699	11	159	48
43	2699	0	159	49
47	2701	13	159	50
33	2710	16	159	51
96	2596	9	161	3
97	2596	5	161	4
59	2609	32	161	5
73	2609	0	161	6
75	2608	4	161	7
80	2610	37	161	8
80	2613	9	161	9
81	2613	0	161	10
89	2606	19	161	12
28	2666	46	161	13
25	2678	26	161	14
26	2678	0	161	15
18	2692	28	161	16
19	2686	29	161	17
20	2687	21	161	18
30	2673	22	161	19
33	2670	8	161	20
25	2679	19	161	21
15	2707	28	161	22
23	2693	27	161	23
20	2695	3	161	24
21	2696	36	161	25
22	2690	11	161	26
25	2689	31	161	27
22	2693	4	161	28
26	2683	33	161	29
44	2668	11	161	30
33	2684	33	161	31
35	2684	0	161	32
32	2692	26	161	33
37	2684	19	161	34
50	2675	25	161	35
55	2675	11	161	36
54	2675	10	161	37
65	2664	11	161	38
49	2677	14	161	39
47	2681	12	161	40
68	2661	13	161	41
59	2672	19	161	42
52	2683	21	161	43
53	2683	0	161	44
60	2678	13	161	45
57	2678	0	161	46
69	2673	10	161	47
80	2662	18	161	48
48	2634	39	163	1
46	2635	25	163	2
54	2631	7	163	3
58	2627	11	163	4
29	2638	27	163	5
44	2640	9	163	6
30	2656	13	163	7
41	2645	9	163	8
25	2673	9	163	9
23	2680	9	163	10
27	2671	6	163	11
31	2664	9	163	12
41	2653	30	163	13
43	2653	0	163	14
38	2654	15	163	15
43	2654	0	163	16
48	2650	25	163	17
47	2650	12	163	18
45	2653	10	163	19
46	2649	9	163	20
46	2659	10	163	21
43	2659	0	163	22
37	2664	21	163	23
35	2670	11	163	24
29	2675	19	163	25
32	2674	10	163	26
44	2658	13	163	27
44	2659	5	163	28
51	2658	8	163	29
36	2674	8	163	30
39	2677	27	163	31
46	2674	9	163	32
59	2663	10	163	33
77	2646	11	163	34
96	2636	11	163	35
97	2635	22	163	36
99	2643	9	163	41
79	2656	18	163	42
82	2656	0	163	43
74	2664	9	163	44
62	2676	15	163	45
83	2660	20	163	46
82	2663	15	163	47
89	2659	20	163	48
86	2659	0	163	49
79	2666	20	163	50
64	2680	16	163	51
22	2668	25	164	1
24	2668	0	164	2
42	2640	42	164	3
43	2640	0	164	4
34	2630	29	164	5
54	2630	0	164	6
44	2644	9	164	7
38	2650	16	164	8
26	2672	8	164	9
25	2672	0	164	10
25	2676	13	164	11
25	2676	0	164	12
37	2655	39	164	13
61	2631	9	164	14
59	2633	7	164	15
63	2631	9	164	16
51	2644	23	164	17
47	2650	17	164	18
73	2628	9	164	19
78	2628	0	164	20
89	2619	29	164	21
65	2640	18	164	22
60	2646	6	164	23
51	2657	13	164	24
35	2672	43	164	25
42	2664	10	164	26
35	2669	10	164	27
34	2675	9	164	28
29	2682	17	164	29
26	2691	14	164	30
47	2667	29	164	31
46	2674	9	164	32
52	2668	26	164	33
59	2663	5	164	34
45	2681	27	164	35
44	2685	9	164	36
44	2684	1	164	37
47	2685	9	164	38
33	2704	15	164	39
26	2710	7	164	40
23	2720	9	164	41
20	2725	11	164	42
27	2717	2	164	43
33	2707	10	164	44
24	2721	15	164	45
27	2719	10	164	46
24	2719	0	164	47
25	2719	0	164	48
19	2726	8	164	49
35	2710	9	164	50
38	2707	4	164	51
65	2624	21	165	11
72	2623	16	165	12
86	2615	25	166	15
47	2633	38	167	2
54	2631	34	167	3
58	2627	0	167	4
41	2628	37	167	5
57	2628	0	167	6
57	2630	11	167	7
68	2619	9	167	8
61	2625	10	167	9
64	2625	0	167	10
49	2636	18	167	11
59	2632	9	167	12
60	2634	13	167	13
57	2634	0	167	14
67	2625	18	167	15
75	2622	8	167	16
98	2611	17	167	17
86	2639	29	167	33
67	2651	20	167	34
92	2643	13	167	35
77	2650	9	167	36
85	2648	16	167	37
88	2648	0	167	38
69	2656	11	167	39
66	2659	4	167	40
99	2643	9	167	41
95	2643	0	167	42
65	2618	65	168	3
70	2612	8	168	4
81	2622	28	168	18
60	2636	6	168	19
57	2640	18	168	20
61	2641	24	168	21
85	2625	27	168	22
87	2627	20	168	23
74	2638	30	168	24
92	2629	22	168	28
99	2626	27	168	29
90	2634	30	168	30
96	2618	9	169	24
98	2633	69	170	34
72	2602	47	171	5
78	2605	8	171	6
77	2606	20	171	7
87	2605	9	171	8
85	2618	46	171	17
94	2613	29	171	18
74	2628	53	171	21
86	2624	16	171	22
99	2652	7	171	51
99	2594	79	172	1
98	2594	0	172	2
99	2606	42	172	13
85	2611	17	172	14
57	2634	15	172	15
68	2627	28	172	16
61	2633	17	172	17
62	2632	12	172	18
94	2615	23	172	19
94	2597	42	173	1
68	2616	32	173	3
91	2600	29	173	4
81	2599	30	173	5
94	2599	9	173	6
91	2599	24	173	7
99	2598	9	173	8
89	2606	9	173	12
93	2608	41	173	13
92	2608	0	173	14
100	2606	15	173	16
78	2624	24	173	18
78	2624	0	173	19
100	2615	17	173	20
63	2641	52	173	22
52	2652	22	173	23
54	2653	14	173	24
27	2677	20	173	25
56	2648	27	173	26
98	2624	18	173	28
88	2635	9	173	30
90	2634	15	173	31
48	2670	38	173	33
38	2682	20	173	34
55	2669	18	173	35
58	2669	0	173	36
67	2663	26	173	37
51	2681	17	173	38
57	2666	17	173	39
61	2665	4	173	40
64	2665	18	173	41
70	2663	28	173	42
62	2672	12	173	43
85	2657	9	173	44
97	2612	34	174	17
78	2624	24	174	19
83	2627	18	174	20
89	2619	29	174	21
95	2619	21	174	22
95	2619	34	174	23
4	2756	28	175	1
7	2734	5	175	2
5	2745	16	175	3
5	2749	13	175	4
5	2739	22	175	5
4	2742	10	175	6
4	2742	6	175	7
8	2718	22	175	8
9	2716	2	175	9
10	2707	6	175	10
22	2678	16	175	11
22	2678	9	175	12
23	2679	9	175	13
16	2702	10	175	14
7	2732	23	175	15
7	2732	0	175	16
4	2743	9	175	17
4	2758	10	175	18
6	2741	21	175	19
12	2717	13	175	20
14	2707	11	175	21
15	2707	0	175	22
11	2721	21	175	23
8	2730	10	175	24
9	2731	18	175	25
5	2747	10	175	26
8	2741	15	175	27
4	2762	21	175	28
5	2758	18	175	29
5	2755	19	175	30
4	2765	12	175	31
3	2774	11	175	32
2	2788	20	175	33
2	2787	9	175	34
5	2771	20	175	35
8	2751	13	175	36
10	2751	0	175	37
10	2750	18	175	38
10	2750	0	175	39
17	2732	19	175	40
24	2715	6	175	41
26	2715	0	175	42
30	2715	0	175	43
37	2700	9	175	44
39	2700	0	175	45
39	2700	0	175	46
40	2694	9	175	47
43	2694	0	175	48
48	2694	0	175	49
17	2737	28	175	50
9	2762	17	175	51
75	2609	47	176	1
76	2609	0	176	2
84	2605	11	176	3
83	2604	0	176	4
21	2651	52	176	5
28	2664	18	176	6
30	2656	20	176	7
29	2660	9	176	8
32	2658	11	176	9
35	2657	20	176	10
37	2651	20	176	11
39	2652	18	176	12
54	2639	32	176	13
49	2646	9	176	14
31	2666	14	176	15
38	2661	16	176	16
26	2679	21	176	17
17	2697	11	176	18
33	2669	21	176	19
38	2665	31	176	20
28	2674	23	176	21
48	2654	27	176	22
93	2624	24	176	23
85	2628	10	176	24
84	2629	36	176	27
61	2648	18	176	28
53	2656	28	176	29
55	2655	18	176	30
76	2642	17	176	31
92	2630	16	176	32
70	2654	28	176	33
67	2651	19	176	34
63	2660	7	176	35
63	2660	0	176	36
54	2675	27	176	37
55	2676	9	176	38
57	2666	26	176	39
70	2657	9	176	40
89	2650	20	176	41
75	2661	11	176	42
71	2665	20	176	43
73	2665	0	176	44
42	2695	24	176	45
41	2695	0	176	46
42	2692	9	176	47
50	2686	11	176	48
41	2700	15	176	49
53	2690	16	176	50
50	2696	12	176	51
76	2608	15	177	4
72	2612	16	177	7
89	2607	22	177	9
77	2615	29	177	10
59	2629	22	177	11
56	2634	37	177	12
67	2627	39	177	13
55	2635	20	177	14
40	2653	20	177	15
61	2633	12	177	16
61	2633	32	177	17
94	2613	26	177	18
89	2618	26	177	19
93	2622	15	177	26
84	2629	18	177	27
100	2639	16	177	43
91	2651	41	177	44
62	2649	32	178	31
71	2649	0	178	32
56	2664	31	178	33
63	2658	42	178	34
99	2648	24	178	48
58	2625	31	179	1
57	2625	0	179	2
57	2630	29	179	3
91	2600	21	179	4
84	2598	48	179	5
77	2606	28	179	6
89	2609	45	179	14
77	2620	14	179	15
80	2620	0	179	16
92	2614	11	179	18
70	2629	26	179	19
54	2642	15	179	20
50	2652	20	179	21
51	2652	33	179	22
76	2633	14	179	23
80	2633	0	179	24
65	2641	21	179	25
62	2644	11	179	26
61	2644	0	179	27
65	2644	0	179	28
73	2645	22	179	29
78	2641	15	179	30
95	2628	18	179	31
90	2632	9	179	32
66	2656	35	179	33
64	2657	16	179	34
85	2645	23	179	35
82	2647	10	179	36
99	2641	13	179	37
60	2668	19	179	38
72	2655	7	179	39
76	2656	8	179	40
78	2656	0	179	41
79	2656	0	179	42
90	2599	49	180	1
70	2611	9	180	2
70	2613	20	180	3
68	2613	0	180	4
81	2599	49	180	5
74	2609	53	180	7
69	2618	9	180	8
79	2614	22	180	9
88	2607	14	180	10
89	2605	16	180	11
86	2607	10	180	12
99	2606	18	180	15
87	2615	36	180	16
95	2621	24	180	25
93	2622	40	180	26
66	2648	34	180	29
80	2639	42	180	30
65	2647	24	180	31
74	2647	0	180	32
91	2646	18	180	38
72	2655	32	180	39
79	2654	2	180	40
97	2644	9	180	41
85	2637	46	181	30
62	2649	13	181	31
73	2650	28	181	33
94	2634	29	181	34
77	2647	26	181	35
79	2648	18	181	36
99	2641	24	181	37
98	2643	13	181	38
83	2603	11	183	6
66	2620	13	183	7
93	2602	9	183	8
61	2625	27	183	9
64	2625	0	183	10
51	2635	17	183	11
53	2639	9	183	12
35	2656	25	183	13
39	2656	0	183	14
48	2643	7	183	15
65	2630	7	183	16
85	2618	14	183	17
82	2621	24	183	18
64	2634	16	183	19
53	2644	17	183	20
77	2634	33	183	22
49	2654	20	183	23
53	2654	0	183	24
58	2647	17	183	25
64	2643	11	183	26
70	2639	24	183	27
77	2639	0	183	28
85	2634	23	183	29
96	2631	4	183	30
99	2634	7	183	35
84	2645	26	183	36
94	2645	0	183	37
88	2648	9	183	38
96	2643	9	183	39
88	2648	20	183	42
88	2648	0	183	43
89	2656	9	183	44
78	2666	7	183	45
76	2666	0	183	46
71	2672	9	183	47
57	2679	11	183	48
63	2679	0	183	49
68	2674	18	183	50
70	2673	2	183	51
78	2611	26	184	8
83	2611	0	184	9
80	2614	9	184	10
75	2615	24	184	12
75	2618	9	184	13
59	2633	11	184	14
59	2633	0	184	15
48	2648	19	184	16
49	2648	0	184	17
53	2645	2	184	18
51	2645	0	184	19
57	2640	14	184	20
62	2640	0	184	21
57	2646	11	184	22
76	2633	37	184	23
89	2622	13	184	24
100	2619	11	184	25
100	2631	24	184	33
93	2635	9	184	34
98	2635	0	184	35
91	2648	19	184	39
64	2660	20	184	40
47	2636	66	185	1
80	2607	21	185	2
81	2607	0	185	3
52	2632	21	185	4
14	2667	32	185	5
32	2657	17	185	6
30	2656	18	185	7
47	2639	9	185	8
51	2637	9	185	9
71	2620	13	185	10
65	2624	26	185	11
29	2666	24	185	12
33	2658	9	185	13
54	2639	11	185	14
47	2644	30	185	15
61	2633	22	185	16
84	2629	20	185	23
69	2640	8	185	24
68	2639	8	185	25
85	2634	9	185	29
90	2634	0	185	30
97	2632	23	185	33
72	2649	20	185	34
68	2656	9	185	35
26	2666	48	187	1
25	2666	7	187	2
29	2661	37	187	3
29	2661	0	187	4
42	2627	51	187	5
52	2631	2	187	6
64	2624	16	187	7
62	2624	16	187	8
36	2654	32	187	9
38	2651	16	187	10
34	2663	21	187	11
35	2659	21	187	12
46	2647	43	187	13
51	2645	3	187	14
52	2639	13	187	15
50	2647	23	187	16
50	2646	30	187	17
68	2629	8	187	18
78	2624	28	187	19
78	2628	4	187	20
55	2645	34	187	21
73	2635	21	187	22
79	2632	8	187	23
96	2618	9	187	24
72	2637	38	187	25
77	2637	0	187	26
74	2637	25	187	27
70	2642	20	187	28
41	2667	45	187	29
41	2670	20	187	30
39	2677	21	187	31
25	2695	29	187	32
16	2723	53	187	33
13	2732	12	187	34
9	2751	16	187	35
11	2747	23	187	36
21	2716	31	187	37
26	2711	9	187	38
22	2718	16	187	39
27	2708	2	187	40
29	2709	10	187	41
25	2717	35	187	42
22	2723	2	187	43
23	2723	0	187	44
24	2721	26	187	45
25	2721	0	187	46
28	2716	18	187	47
34	2705	20	187	48
41	2700	6	187	49
29	2715	9	187	50
33	2710	20	187	51
99	2615	42	190	21
95	2621	36	190	25
84	2630	28	190	26
84	2629	18	190	27
73	2641	13	190	28
48	2660	26	190	29
63	2646	34	190	30
88	2635	21	190	31
76	2644	26	190	32
94	2637	10	190	36
73	2656	30	190	37
96	2643	15	190	39
97	2643	8	190	40
92	2644	18	190	42
90	2646	9	190	43
85	2657	9	190	44
83	2660	16	190	45
83	2660	0	190	46
88	2660	18	190	47
94	2654	13	190	48
92	2615	31	191	17
87	2617	13	191	18
87	2620	17	191	19
78	2628	19	191	20
68	2634	37	191	21
77	2634	0	191	22
95	2619	36	191	23
90	2627	22	191	26
81	2632	21	191	27
63	2646	9	191	28
39	2671	50	191	29
58	2651	40	191	30
65	2647	22	191	31
78	2642	18	191	32
58	2667	23	191	35
50	2680	17	191	36
37	2696	29	191	37
41	2690	28	191	38
46	2686	26	191	39
45	2686	0	191	40
46	2686	0	191	41
49	2684	4	191	42
49	2686	10	191	43
61	2677	13	191	44
68	2670	19	191	45
68	2670	0	191	46
73	2670	0	191	47
96	2651	24	191	48
97	2607	19	192	13
95	2607	0	192	14
97	2607	6	192	15
96	2618	9	192	24
88	2611	9	193	15
70	2626	9	193	16
73	2626	0	193	17
64	2631	14	193	18
61	2635	26	193	19
84	2629	19	193	23
93	2619	9	193	24
84	2635	30	193	29
97	2629	3	193	32
97	2632	9	193	33
83	2643	16	193	34
62	2607	41	194	5
93	2602	26	194	9
80	2615	21	194	13
89	2609	17	194	14
100	2624	41	195	29
96	2631	9	195	30
88	2635	9	195	31
84	2635	0	195	32
88	2601	26	196	4
42	2627	54	196	5
43	2641	6	196	6
49	2639	18	196	7
66	2622	9	196	8
53	2634	30	196	9
51	2634	0	196	10
45	2640	7	196	11
56	2634	20	196	12
60	2634	34	196	13
57	2634	0	196	14
50	2640	18	196	15
47	2649	9	196	16
45	2658	18	196	17
46	2651	8	196	18
37	2665	17	196	19
23	2680	9	196	20
27	2675	19	196	21
79	2632	44	196	22
68	2638	19	196	23
46	2660	33	196	24
48	2662	8	196	25
43	2662	0	196	26
58	2647	9	196	27
70	2642	14	196	28
66	2648	26	196	29
68	2645	14	196	30
73	2644	24	196	31
52	2666	18	196	32
43	2674	23	196	33
49	2672	11	196	34
48	2676	6	196	35
52	2677	29	196	36
26	2710	16	196	37
27	2710	0	196	38
40	2695	23	196	39
35	2697	6	196	40
32	2705	18	196	41
33	2704	21	196	42
50	2685	14	196	43
41	2694	3	196	44
43	2692	22	196	45
50	2687	3	196	46
60	2677	9	196	47
42	2696	23	196	48
52	2685	3	196	49
53	2690	6	196	50
65	2678	18	196	51
98	2611	37	197	17
93	2616	20	197	19
83	2627	9	197	20
94	2634	12	197	34
99	2634	8	197	35
95	2646	10	197	41
100	2640	24	197	42
97	2643	11	197	43
96	2646	9	197	44
92	2652	13	197	45
96	2652	0	197	46
99	2647	7	197	47
7	2743	29	198	1
5	2748	8	198	2
5	2745	16	198	3
6	2731	23	198	4
7	2730	0	198	5
5	2739	10	198	6
10	2713	11	198	7
11	2707	22	198	8
8	2722	9	198	9
5	2743	13	198	10
5	2736	11	198	11
4	2746	12	198	12
4	2739	9	198	13
10	2722	10	198	14
9	2722	0	198	15
4	2741	25	198	16
5	2741	0	198	17
6	2743	16	198	18
5	2749	14	198	19
4	2763	25	198	20
4	2763	0	198	21
4	2751	9	198	22
7	2740	14	198	23
5	2738	27	198	24
6	2738	0	198	25
6	2741	7	198	26
6	2749	9	198	27
8	2738	14	198	28
7	2751	9	198	29
5	2755	21	198	30
8	2753	9	198	31
10	2741	27	198	32
9	2741	0	198	33
9	2747	16	198	34
9	2751	23	198	35
8	2751	0	198	36
7	2756	13	198	37
6	2762	23	198	38
9	2752	10	198	39
12	2739	9	198	40
17	2735	13	198	41
15	2735	0	198	42
14	2734	13	198	43
21	2724	10	198	44
27	2717	10	198	45
29	2717	0	198	46
27	2717	0	198	47
26	2717	0	198	48
25	2717	0	198	49
20	2728	9	198	50
26	2720	12	198	51
13	2690	44	199	1
14	2690	0	199	2
15	2693	27	199	3
13	2693	0	199	4
12	2704	20	199	5
11	2706	8	199	6
15	2695	13	199	7
24	2674	13	199	8
38	2653	13	199	9
36	2653	0	199	10
25	2676	22	199	11
21	2680	6	199	12
29	2664	29	199	13
30	2669	13	199	14
41	2652	16	199	15
44	2652	0	199	16
54	2640	27	199	17
47	2650	27	199	18
24	2678	17	199	19
33	2670	12	199	20
35	2670	11	199	21
34	2670	0	199	22
30	2670	14	199	23
30	2673	3	199	24
35	2672	35	199	25
35	2672	0	199	26
27	2682	16	199	27
32	2677	4	199	28
26	2683	17	199	29
28	2690	14	199	30
34	2681	21	199	31
40	2681	0	199	32
41	2679	25	199	33
49	2672	5	199	34
41	2687	22	199	35
35	2695	14	199	36
58	2672	29	199	37
31	2702	30	199	38
32	2705	5	199	39
34	2702	2	199	40
34	2702	0	199	41
38	2699	3	199	42
38	2699	0	199	43
51	2685	13	199	44
50	2685	21	199	45
55	2681	7	199	46
47	2687	9	199	47
51	2685	10	199	48
76	2669	9	199	49
65	2678	12	199	50
68	2675	10	199	51
100	2645	9	200	45
92	2630	9	201	32
67	2604	22	202	5
81	2604	0	202	6
91	2599	15	202	7
61	2645	22	202	22
60	2646	9	202	23
61	2646	13	202	24
74	2635	30	202	25
79	2634	12	202	26
78	2634	7	202	27
81	2635	23	202	28
92	2630	29	202	32
66	2627	25	203	12
75	2618	21	203	13
76	2618	28	203	14
67	2625	8	203	15
63	2631	28	203	16
54	2640	8	203	17
43	2653	48	203	18
33	2669	25	203	19
38	2665	18	203	20
40	2664	17	203	21
39	2663	44	203	22
46	2657	18	203	23
43	2662	18	203	24
57	2649	30	203	25
81	2632	13	203	26
90	2627	44	203	27
91	2630	14	203	28
79	2641	23	203	29
63	2646	18	203	30
74	2643	19	203	31
69	2650	27	203	32
97	2632	27	203	33
43	2678	40	203	34
48	2676	9	203	35
38	2690	15	203	36
47	2682	9	203	37
37	2694	20	203	38
49	2677	17	203	39
50	2677	0	203	40
59	2668	9	203	41
61	2669	17	203	42
69	2667	7	203	43
83	2658	18	203	44
68	2670	16	203	45
68	2670	0	203	46
69	2673	4	203	47
57	2679	30	203	48
26	2715	24	203	49
21	2726	8	203	50
27	2715	23	203	51
96	2616	20	204	21
68	2638	19	204	23
88	2623	9	204	24
91	2622	8	204	25
78	2636	22	204	26
66	2643	37	204	27
47	2657	9	204	28
64	2649	9	204	29
71	2644	38	204	30
79	2640	42	204	31
80	2640	0	204	32
82	2643	24	204	33
91	2636	4	204	34
87	2644	7	204	35
92	2638	6	204	36
100	2640	11	205	42
83	2605	22	206	1
83	2605	0	206	2
70	2613	57	206	3
62	2623	0	206	4
30	2637	26	206	5
47	2637	0	206	6
42	2647	6	206	7
27	2663	12	206	8
27	2668	10	206	9
26	2670	6	206	10
24	2677	22	206	11
27	2672	9	206	12
18	2696	33	206	13
18	2696	0	206	14
18	2700	24	206	15
17	2695	9	206	16
31	2674	24	206	17
36	2664	10	206	18
38	2664	8	206	19
33	2670	9	206	20
29	2673	11	206	21
34	2670	13	206	22
22	2694	20	206	23
22	2691	11	206	24
22	2690	23	206	25
25	2682	10	206	26
38	2663	21	206	27
29	2679	14	206	28
36	2676	24	206	29
28	2690	15	206	30
31	2689	40	206	31
31	2689	5	206	32
35	2689	11	206	33
47	2675	21	206	34
37	2692	18	206	35
26	2709	26	206	36
28	2707	7	206	37
25	2715	10	206	38
31	2706	26	206	39
22	2716	15	206	40
22	2721	7	206	41
22	2722	12	206	42
17	2732	16	206	43
20	2725	8	206	44
30	2712	25	206	45
32	2714	14	206	46
32	2714	0	206	47
36	2704	10	206	48
37	2706	3	206	49
35	2710	6	206	50
39	2705	8	206	51
98	2594	23	207	2
90	2601	35	207	3
72	2611	15	207	4
54	2633	61	207	8
42	2650	26	207	9
26	2670	28	207	10
32	2664	16	207	11
36	2658	38	207	12
39	2654	18	207	13
24	2679	25	207	14
38	2654	9	207	15
39	2659	18	207	16
37	2666	9	207	17
35	2668	20	207	18
42	2657	22	207	19
54	2642	30	207	20
50	2652	9	207	21
39	2663	37	207	22
30	2670	23	207	23
21	2692	27	207	24
29	2675	31	207	25
31	2675	0	207	26
20	2700	14	207	27
25	2690	9	207	28
36	2676	17	207	29
48	2661	11	207	30
39	2677	30	207	31
41	2679	5	207	32
38	2684	18	207	33
35	2694	9	207	34
25	2711	24	207	35
48	2682	20	207	36
60	2669	18	207	37
72	2661	9	207	38
61	2664	9	207	39
82	2653	4	207	40
46	2686	33	207	41
44	2690	6	207	42
56	2679	9	207	43
57	2681	9	207	44
46	2688	11	207	45
45	2690	9	207	46
54	2682	9	207	47
66	2676	9	207	48
59	2681	25	207	49
55	2689	19	207	50
55	2689	0	207	51
68	2645	59	208	30
61	2652	27	208	31
51	2671	24	208	32
70	2656	25	208	36
74	2655	41	208	37
98	2643	37	208	38
92	2649	18	208	41
90	2646	13	208	42
71	2665	27	208	43
65	2671	27	208	44
66	2674	17	208	45
99	2650	22	208	46
84	2662	16	208	47
94	2654	31	208	48
94	2618	26	209	21
86	2624	44	209	22
71	2623	15	210	11
100	2600	13	210	12
99	2606	31	210	13
100	2622	8	211	28
99	2627	28	211	31
71	2649	16	211	32
60	2661	35	211	33
48	2674	40	211	34
72	2652	28	211	35
79	2648	11	211	36
88	2647	33	211	37
84	2651	33	211	38
87	2650	26	211	39
91	2648	7	211	40
65	2606	53	212	5
83	2606	18	212	8
72	2619	24	212	9
74	2619	0	212	10
52	2640	26	212	13
41	2654	10	212	14
55	2636	21	212	15
55	2638	23	212	16
57	2637	15	212	17
56	2640	21	212	18
58	2638	21	212	19
60	2638	0	212	20
76	2627	20	212	21
88	2623	42	212	22
89	2625	9	212	23
80	2633	19	212	24
83	2626	47	212	25
68	2640	40	212	26
59	2646	6	212	27
65	2644	12	212	28
71	2646	14	212	29
56	2654	26	212	30
59	2656	19	212	31
65	2656	0	212	32
44	2673	41	212	33
46	2676	12	212	34
59	2666	8	212	35
62	2664	11	212	36
63	2667	28	212	37
77	2658	23	212	38
76	2653	14	212	39
55	2670	12	212	40
56	2670	10	212	41
45	2689	28	212	42
39	2697	8	212	43
27	2718	20	212	44
31	2709	15	212	45
35	2707	15	212	46
41	2693	13	212	47
64	2677	24	212	48
44	2698	14	212	49
50	2696	11	212	50
46	2700	5	212	51
75	2615	33	214	12
65	2629	22	214	13
64	2629	0	214	14
90	2609	16	214	15
81	2620	17	214	17
75	2626	8	214	18
51	2645	25	214	19
87	2624	18	214	20
66	2635	10	214	21
67	2637	13	214	22
92	2623	9	214	26
95	2621	27	214	27
89	2631	18	214	28
83	2636	19	214	29
87	2636	0	214	30
81	2613	16	216	10
80	2613	18	216	11
81	2610	12	216	12
81	2614	27	216	13
68	2628	20	216	17
59	2637	39	216	18
46	2652	28	216	19
36	2669	20	216	20
43	2662	18	216	21
26	2677	11	216	22
54	2650	22	216	23
55	2652	24	216	24
41	2667	11	216	25
56	2648	18	216	26
63	2668	27	216	42
85	2653	10	216	43
58	2679	44	216	44
74	2668	15	216	45
51	2686	18	216	46
49	2686	0	216	47
45	2693	12	216	48
70	2673	19	216	49
61	2682	9	216	50
55	2689	17	216	51
99	2646	10	217	45
97	2651	11	217	46
94	2653	8	217	47
52	2682	24	217	48
57	2682	0	217	49
72	2671	11	217	50
62	2684	13	217	51
82	2623	66	218	19
67	2633	46	218	20
34	2630	42	219	5
54	2630	0	219	6
60	2629	13	219	7
48	2638	12	219	8
40	2652	17	219	9
49	2635	10	219	10
59	2629	29	219	11
45	2645	26	219	12
30	2662	24	219	13
35	2662	0	219	14
33	2663	24	219	15
35	2666	12	219	16
26	2679	11	219	17
26	2678	10	219	18
18	2686	26	219	19
26	2677	12	219	20
24	2681	15	219	21
28	2674	1	219	22
54	2650	31	219	23
38	2666	23	219	24
34	2674	22	219	25
32	2674	0	219	26
29	2679	25	219	27
33	2676	12	219	28
43	2666	24	219	29
50	2660	5	219	30
44	2675	23	219	31
35	2684	7	219	32
73	2650	27	219	33
55	2664	22	219	34
28	2702	34	219	35
40	2688	31	219	36
38	2693	7	219	37
35	2696	9	219	38
26	2711	20	219	39
30	2705	10	219	40
30	2708	10	219	41
35	2703	30	219	42
39	2697	4	219	43
39	2697	9	219	44
41	2698	31	219	45
40	2698	0	219	46
35	2707	19	219	47
23	2722	30	219	48
20	2724	18	219	49
26	2716	9	219	50
39	2705	14	219	51
85	2610	31	220	11
89	2606	9	220	12
43	2649	32	220	13
46	2649	0	220	14
44	2648	13	220	15
51	2645	9	220	16
32	2671	34	220	17
29	2675	6	220	18
21	2684	12	220	19
21	2693	19	220	20
10	2724	30	220	21
10	2724	21	220	22
5	2752	33	220	23
3	2756	27	220	24
3	2761	21	220	25
6	2741	7	220	26
7	2744	13	220	27
5	2759	27	220	28
8	2750	15	220	29
9	2741	14	220	30
10	2739	16	220	31
6	2763	27	220	32
12	2737	11	220	33
7	2757	23	220	34
11	2750	16	220	35
6	2754	37	220	36
4	2768	13	220	37
3	2773	13	220	38
4	2786	13	220	39
5	2781	17	220	40
5	2782	9	220	41
5	2783	10	220	42
5	2783	0	220	43
4	2783	0	220	44
3	2801	22	220	45
3	2805	9	220	46
3	2808	13	220	47
3	2808	0	220	48
3	2805	4	220	49
3	2807	8	220	50
3	2802	10	220	51
77	2647	36	222	35
66	2613	22	223	1
67	2613	0	223	2
65	2618	21	223	3
58	2627	11	223	4
20	2653	31	223	5
35	2653	11	223	6
39	2649	13	223	7
35	2653	9	223	8
38	2653	16	223	9
36	2653	0	223	10
27	2671	35	223	11
37	2654	9	223	12
47	2645	23	223	13
33	2664	21	223	14
32	2664	11	223	15
27	2675	16	223	16
14	2712	32	223	17
11	2718	22	223	18
9	2715	5	223	19
9	2731	18	223	20
9	2729	13	223	21
9	2725	19	223	22
12	2717	20	223	23
15	2708	30	223	24
19	2707	32	223	25
18	2705	1	223	26
18	2705	0	223	27
17	2709	3	223	28
23	2695	20	223	29
23	2695	7	223	30
23	2700	23	223	31
23	2705	13	223	32
33	2691	37	223	33
29	2705	23	223	34
21	2722	40	223	35
17	2728	9	223	36
17	2721	32	223	37
28	2709	23	223	38
34	2700	27	223	39
24	2713	18	223	40
26	2714	19	223	41
29	2710	25	223	42
25	2720	11	223	43
28	2716	11	223	44
29	2715	6	223	45
22	2723	10	223	46
25	2718	14	223	47
34	2705	21	223	48
34	2710	11	223	49
42	2705	11	223	50
28	2714	21	223	51
100	2631	17	224	33
75	2654	25	224	39
79	2654	4	224	40
55	2672	13	224	41
59	2672	0	224	42
84	2655	9	224	43
92	2650	28	224	44
97	2651	8	224	46
96	2613	18	225	17
68	2629	27	225	18
55	2643	8	225	19
56	2641	17	225	20
63	2639	35	225	21
39	2663	29	225	22
48	2655	19	225	23
40	2665	11	225	24
55	2651	28	225	25
47	2658	8	225	26
33	2675	29	225	27
26	2686	16	225	28
21	2701	24	225	29
26	2691	20	225	30
27	2692	8	225	31
33	2687	13	225	32
21	2716	23	225	33
19	2720	26	225	34
34	2693	29	225	35
36	2693	0	225	36
21	2716	44	225	37
24	2717	13	225	38
17	2729	15	225	39
14	2736	14	225	40
16	2736	0	225	41
9	2751	20	225	42
8	2755	16	225	43
6	2761	10	225	44
13	2742	25	225	45
21	2724	9	225	46
21	2724	0	225	47
30	2712	14	225	48
45	2697	21	225	49
60	2683	16	225	50
54	2691	20	225	51
99	2648	0	226	50
77	2667	20	226	51
98	2611	19	227	18
77	2625	22	227	19
60	2638	19	227	20
72	2629	9	227	21
97	2621	22	227	26
81	2632	20	227	27
51	2654	27	227	28
30	2681	24	227	29
78	2641	29	227	30
37	2680	62	227	31
24	2703	28	227	32
27	2705	28	227	33
28	2710	5	227	34
26	2709	15	227	35
21	2724	16	227	36
33	2701	17	227	37
38	2692	8	227	38
60	2665	35	227	39
70	2657	10	227	40
60	2667	13	227	41
65	2667	7	227	42
93	2645	35	227	43
100	2643	8	227	44
82	2661	17	227	48
85	2662	15	227	49
75	2670	36	227	50
95	2656	20	227	51
76	2627	16	228	21
62	2644	13	228	22
38	2662	18	228	23
29	2675	24	228	24
41	2667	19	228	25
37	2671	22	228	26
22	2691	24	228	27
18	2708	32	228	28
10	2735	29	228	29
19	2710	23	228	30
17	2720	33	228	31
19	2711	11	228	32
24	2709	20	228	33
10	2737	39	228	34
7	2760	40	228	35
7	2753	5	228	36
5	2760	15	228	37
11	2742	24	228	38
14	2736	10	228	39
18	2730	17	228	40
20	2725	14	228	41
20	2725	10	228	42
20	2726	27	228	43
19	2726	0	228	44
19	2726	17	228	45
28	2718	11	228	46
25	2718	9	228	47
17	2732	20	228	48
17	2736	6	228	49
26	2716	11	228	50
21	2729	23	228	51
100	2640	2	229	42
90	2656	6	229	48
90	2656	0	229	49
80	2614	8	230	14
78	2618	9	230	15
88	2614	9	230	16
88	2617	13	230	17
98	2611	10	230	18
74	2630	19	230	20
41	2667	42	230	25
41	2667	0	230	26
44	2658	6	230	27
57	2651	31	230	28
41	2667	29	230	29
39	2673	24	230	30
43	2676	18	230	31
77	2643	20	230	32
61	2660	33	230	33
84	2642	12	230	34
47	2677	20	230	35
63	2660	23	230	36
63	2667	18	230	37
54	2678	10	230	38
51	2676	16	230	39
48	2680	12	230	40
53	2675	15	230	41
53	2677	11	230	42
61	2673	16	230	43
61	2677	18	230	44
76	2667	24	230	45
73	2667	0	230	46
64	2676	13	230	47
79	2663	11	230	48
84	2663	0	230	49
88	2658	12	230	50
73	2671	7	230	51
98	2596	11	233	6
95	2601	9	233	8
80	2613	42	233	9
86	2608	20	233	10
95	2602	13	233	11
98	2603	12	233	12
87	2610	27	233	13
95	2607	20	233	14
91	2612	16	233	16
67	2629	20	233	17
53	2645	10	233	18
41	2661	11	233	19
41	2658	19	233	20
63	2639	27	233	21
73	2635	11	233	22
68	2638	8	233	23
59	2647	9	233	24
52	2658	12	233	25
52	2655	8	233	26
31	2677	19	233	27
31	2678	8	233	28
32	2680	9	233	29
30	2683	11	233	30
28	2691	15	233	31
25	2695	15	233	32
25	2708	19	233	33
20	2719	15	233	34
23	2717	10	233	35
22	2721	27	233	36
21	2716	10	233	37
22	2719	13	233	38
19	2719	0	233	39
25	2712	4	233	40
27	2713	13	233	41
28	2713	0	233	42
28	2716	10	233	43
28	2716	0	233	44
28	2716	10	233	45
30	2716	0	233	46
28	2716	0	233	47
21	2726	12	233	48
23	2719	10	233	49
35	2710	9	233	50
31	2712	18	233	51
95	2652	25	234	49
93	2630	28	235	29
71	2644	20	235	30
56	2659	26	235	31
59	2659	9	235	32
40	2680	32	235	33
45	2677	32	235	34
77	2647	24	235	35
97	2635	17	235	36
71	2658	31	235	37
77	2658	20	235	38
68	2659	3	235	39
70	2657	8	235	40
83	2652	6	235	41
68	2664	27	235	42
93	2645	11	235	43
95	2649	13	235	45
100	2649	0	235	46
86	2661	10	235	47
86	2660	32	235	48
76	2669	18	235	49
77	2668	7	235	50
100	2651	23	235	51
51	2630	7	236	1
58	2624	5	236	2
21	2677	45	236	3
23	2673	8	236	4
8	2684	29	236	5
20	2684	0	236	6
7	2727	38	236	7
6	2743	19	236	8
6	2743	0	236	9
5	2743	0	236	10
6	2734	11	236	11
9	2718	25	236	12
11	2718	0	236	13
12	2718	0	236	14
9	2722	8	236	15
10	2722	0	236	16
11	2722	0	236	17
13	2710	10	236	18
15	2700	8	236	19
20	2695	22	236	20
17	2704	10	236	21
18	2704	0	236	22
9	2723	19	236	23
5	2738	16	236	24
13	2721	29	236	25
20	2703	11	236	26
14	2723	15	236	27
15	2717	13	236	28
20	2706	16	236	29
21	2705	5	236	30
18	2719	40	236	31
17	2719	0	236	32
19	2718	10	236	33
20	2719	14	236	34
16	2726	9	236	35
18	2726	0	236	36
16	2727	3	236	37
12	2741	9	236	38
12	2739	5	236	39
13	2737	25	236	40
14	2737	0	236	41
18	2733	7	236	42
14	2734	23	236	43
11	2749	10	236	44
11	2744	20	236	45
11	2744	0	236	46
13	2743	13	236	47
11	2754	10	236	48
10	2764	17	236	49
8	2758	10	236	50
25	2723	33	236	51
81	2606	36	237	1
88	2601	20	237	2
28	2663	38	237	3
28	2668	10	237	4
13	2669	20	237	5
27	2666	16	237	6
25	2671	16	237	7
13	2702	22	237	8
12	2702	2	237	9
12	2702	0	237	10
10	2712	18	237	11
15	2701	22	237	12
6	2732	38	237	13
7	2732	0	237	14
12	2719	22	237	15
11	2719	0	237	16
16	2705	25	237	17
15	2704	10	237	18
12	2710	26	237	19
11	2724	22	237	20
12	2720	17	237	21
11	2720	0	237	22
12	2717	28	237	23
12	2719	3	237	24
18	2709	28	237	25
16	2710	11	237	26
16	2717	16	237	27
15	2717	0	237	28
14	2726	18	237	29
15	2715	23	237	30
20	2711	21	237	31
18	2716	11	237	32
14	2728	21	237	33
20	2719	13	237	34
14	2733	28	237	35
10	2748	14	237	36
14	2733	20	237	37
17	2733	0	237	38
14	2736	13	237	39
14	2736	8	237	40
7	2756	16	237	41
7	2760	18	237	42
7	2760	0	237	43
7	2760	0	237	44
6	2771	15	237	45
7	2773	20	237	46
10	2747	13	237	47
12	2747	0	237	48
12	2746	14	237	49
9	2757	15	237	50
13	2752	21	237	51
100	2605	17	238	14
81	2616	21	238	15
83	2616	0	238	16
92	2615	29	238	17
92	2614	2	238	18
56	2640	17	238	19
63	2637	15	238	20
86	2621	18	238	21
61	2646	22	238	24
55	2651	21	238	25
55	2650	28	238	26
56	2650	0	238	27
45	2658	9	238	28
76	2644	31	238	29
71	2644	24	238	30
74	2643	20	238	31
60	2658	25	238	32
54	2665	9	238	33
55	2664	12	238	34
55	2669	24	238	35
42	2687	16	238	36
44	2684	2	238	37
35	2696	9	238	38
39	2696	0	238	39
32	2704	15	238	40
40	2695	9	238	41
26	2715	11	238	42
32	2710	17	238	43
31	2710	0	238	44
35	2707	16	238	45
35	2707	0	238	46
35	2707	0	238	47
36	2704	11	238	48
30	2713	13	238	49
32	2712	9	238	50
65	2678	20	238	51
57	2646	41	239	22
52	2652	23	239	23
59	2647	16	239	24
50	2660	26	239	25
48	2657	18	239	26
61	2644	13	239	27
73	2641	20	239	28
73	2645	11	239	29
74	2643	9	239	30
84	2637	10	239	31
74	2619	40	240	13
46	2649	29	240	14
43	2651	13	240	15
41	2656	7	240	16
52	2643	25	240	17
68	2629	10	240	18
95	2614	17	240	19
94	2620	9	240	20
78	2625	17	240	21
85	2657	17	240	44
100	2645	16	240	45
78	2664	7	240	46
53	2683	13	240	47
74	2667	36	240	48
73	2671	4	240	49
72	2671	0	240	50
73	2671	0	240	51
99	2650	10	242	49
90	2655	9	242	50
94	2657	11	242	51
99	2618	13	243	23
99	2617	8	243	24
73	2635	37	244	22
60	2646	18	244	23
61	2646	0	244	24
69	2638	21	244	25
74	2638	0	244	26
50	2655	28	244	27
54	2653	3	244	28
66	2648	19	244	29
99	2628	28	244	30
86	2650	9	245	43
83	2658	9	245	44
93	2650	1	245	45
88	2658	13	245	46
98	2650	13	245	47
82	2661	20	245	48
75	2670	10	245	49
67	2676	11	245	50
67	2676	0	245	51
97	2617	21	246	20
91	2620	27	246	22
98	2649	19	247	50
96	2643	16	248	39
86	2651	16	248	40
75	2657	18	248	41
78	2657	18	248	42
69	2667	9	248	43
90	2654	27	248	44
86	2659	21	248	45
100	2649	20	248	46
84	2662	18	248	47
90	2656	20	248	48
90	2656	9	248	49
86	2660	23	248	51
97	2653	13	249	51
96	2625	20	250	28
98	2611	27	251	17
98	2611	0	251	18
88	2619	26	251	19
91	2622	15	251	20
44	2661	30	251	21
44	2658	29	251	22
50	2653	29	251	23
61	2646	9	251	24
53	2657	11	251	25
43	2662	12	251	26
38	2663	35	251	27
45	2658	9	251	28
61	2650	30	251	29
85	2637	10	251	30
51	2664	23	251	31
55	2664	29	251	32
73	2650	40	251	33
51	2670	20	251	34
53	2671	26	251	35
52	2677	20	251	36
48	2681	7	251	37
60	2668	10	251	38
86	2651	22	251	39
84	2652	4	251	40
80	2655	18	251	41
53	2677	18	251	42
45	2690	18	251	43
45	2690	5	251	44
56	2681	19	251	45
55	2681	0	251	46
79	2665	19	251	47
77	2665	0	251	48
83	2665	0	251	49
82	2664	18	251	50
89	2659	2	251	51
93	2608	25	252	13
95	2607	26	252	14
91	2616	27	252	17
83	2620	18	252	18
53	2644	26	252	19
49	2647	19	252	20
41	2663	30	252	21
57	2646	32	252	22
42	2660	11	252	23
50	2658	13	252	24
14	2719	36	252	25
13	2725	22	252	26
15	2719	16	252	27
14	2720	19	252	28
53	2656	26	252	29
54	2656	0	252	30
37	2680	20	252	31
50	2672	9	252	32
76	2646	43	252	33
98	2633	22	252	34
94	2638	10	252	35
74	2654	24	252	36
42	2687	19	252	37
38	2692	9	252	38
29	2707	9	252	39
27	2708	15	252	40
30	2708	0	252	41
24	2718	24	252	42
18	2731	9	252	43
24	2722	7	252	44
34	2708	28	252	45
34	2708	0	252	46
22	2722	22	252	47
39	2702	24	252	48
21	2722	30	252	49
42	2705	13	252	50
24	2724	19	252	51
86	2639	34	253	33
89	2639	20	253	34
87	2644	15	253	35
71	2655	13	253	36
97	2643	13	253	40
93	2650	16	253	45
92	2656	2	253	46
93	2656	2	253	47
87	2650	17	254	39
70	2657	10	254	40
87	2651	14	254	41
77	2659	6	254	42
66	2669	9	254	43
69	2669	0	254	44
83	2660	15	254	45
81	2662	1	254	46
88	2660	15	254	47
86	2607	9	255	12
46	2646	31	255	15
40	2657	9	255	16
43	2662	22	255	17
40	2660	18	255	18
42	2657	25	255	19
50	2646	29	255	20
54	2646	9	255	21
28	2674	42	255	22
15	2709	34	255	23
18	2699	25	255	24
12	2722	27	255	25
12	2728	12	255	26
4	2754	25	255	27
6	2757	3	255	28
6	2757	14	255	29
7	2752	11	255	30
6	2760	35	255	31
7	2752	13	255	32
8	2742	23	255	33
14	2731	16	255	34
18	2724	29	255	35
20	2725	6	255	36
18	2717	17	255	37
21	2721	2	255	38
19	2719	25	255	39
11	2741	19	255	40
6	2760	9	255	41
6	2763	4	255	42
6	2761	13	255	43
8	2756	10	255	44
8	2763	16	255	45
8	2772	9	255	46
9	2772	0	255	47
9	2772	0	255	48
9	2765	4	255	49
14	2746	18	255	50
18	2733	11	255	51
67	2658	38	257	36
60	2669	13	257	37
58	2669	0	257	38
57	2666	20	257	39
58	2668	10	257	40
54	2674	9	257	41
52	2680	28	257	42
76	2662	9	257	43
81	2659	9	257	44
62	2676	21	257	45
81	2662	18	257	46
94	2653	9	257	47
99	2648	21	257	50
99	2642	14	258	39
91	2648	17	258	40
66	2663	9	258	41
87	2649	13	258	42
81	2657	6	258	43
67	2670	9	258	44
52	2684	7	258	45
68	2670	18	258	46
99	2647	9	258	47
86	2660	11	258	48
73	2671	25	258	49
72	2671	0	258	50
86	2660	19	258	51
94	2620	28	259	20
60	2643	40	259	21
67	2637	23	259	22
34	2666	34	259	23
58	2648	21	259	24
78	2632	26	259	25
81	2635	18	259	28
100	2624	28	259	29
80	2638	25	259	31
57	2660	19	259	32
48	2670	40	259	33
41	2680	10	259	34
39	2688	15	259	35
48	2682	19	259	36
78	2654	30	259	37
82	2654	0	259	38
56	2668	24	259	39
70	2657	10	259	40
53	2677	29	259	42
47	2689	10	259	43
53	2683	6	259	44
37	2701	27	259	45
37	2701	0	259	46
34	2708	13	259	47
40	2701	20	259	48
37	2706	12	259	49
46	2703	8	259	50
45	2702	21	259	51
78	2616	25	260	14
90	2613	18	260	16
95	2614	24	260	17
67	2630	28	260	18
97	2617	9	260	20
89	2619	23	260	21
79	2645	31	260	33
80	2645	27	260	34
73	2651	9	260	35
92	2638	21	260	36
88	2647	20	260	37
68	2663	18	260	38
66	2661	21	260	39
66	2659	9	260	40
72	2659	0	260	41
56	2676	19	260	42
65	2670	8	260	43
60	2678	19	260	44
57	2680	10	260	45
57	2678	9	260	46
57	2678	0	260	47
45	2693	7	260	48
46	2696	20	260	49
41	2706	10	260	50
39	2705	10	260	51
91	2622	23	261	25
81	2632	8	261	26
84	2629	24	261	27
95	2628	8	261	31
83	2638	18	261	32
65	2656	32	261	34
99	2634	19	261	35
97	2635	28	261	36
88	2647	16	261	37
91	2646	11	261	38
66	2661	16	261	39
63	2661	0	261	40
69	2660	9	261	41
58	2674	20	261	42
53	2682	15	261	43
50	2686	11	261	44
44	2689	16	261	45
46	2689	0	261	46
56	2679	9	261	47
57	2679	22	261	48
50	2688	11	261	49
57	2688	0	261	50
33	2710	11	261	51
98	2611	16	262	18
82	2623	7	262	19
86	2626	25	262	20
63	2641	22	262	22
46	2657	23	262	23
41	2664	25	262	24
46	2664	48	262	25
29	2676	8	262	26
38	2663	7	262	27
51	2654	22	262	28
76	2644	31	262	29
80	2639	11	262	30
80	2638	30	262	31
54	2665	42	262	33
43	2678	17	262	34
34	2693	17	262	35
31	2700	21	262	36
36	2697	41	262	37
47	2685	10	262	38
45	2689	26	262	39
44	2687	13	262	40
41	2691	22	262	41
47	2686	34	262	42
51	2684	18	262	43
64	2674	23	262	44
50	2685	15	262	45
54	2685	0	262	46
52	2684	9	262	47
27	2716	35	262	48
37	2706	24	262	49
40	2707	16	262	50
31	2712	26	262	51
79	2614	14	263	11
86	2607	9	263	12
83	2613	30	263	13
82	2613	0	263	14
90	2609	18	263	15
83	2616	27	263	16
78	2625	33	263	21
79	2632	24	263	22
75	2634	23	263	23
69	2640	9	263	24
61	2644	11	263	25
72	2639	22	263	26
42	2661	24	263	27
29	2679	9	263	28
24	2689	26	263	29
14	2716	17	263	30
20	2711	35	263	31
19	2711	0	263	32
25	2708	12	263	33
25	2715	30	263	34
22	2718	33	263	35
25	2716	5	263	36
24	2714	20	263	37
19	2725	23	263	38
24	2715	7	263	39
33	2703	13	263	40
37	2700	9	263	41
37	2700	20	263	42
43	2691	23	263	43
43	2691	0	263	44
37	2701	25	263	45
37	2701	0	263	46
45	2688	11	263	47
70	2673	19	263	48
86	2659	7	263	49
84	2662	11	263	50
75	2670	20	263	51
99	2606	18	264	15
94	2618	19	264	21
86	2625	22	264	25
86	2628	8	264	26
35	2669	34	264	27
37	2669	0	264	28
46	2663	7	264	29
36	2674	15	264	30
34	2681	12	264	31
35	2684	20	264	32
42	2675	29	264	33
53	2669	22	264	34
68	2656	30	264	35
54	2676	27	264	36
54	2675	15	264	37
65	2664	13	264	38
94	2645	21	264	39
88	2649	6	264	40
60	2667	9	264	41
61	2669	18	264	42
64	2671	13	264	43
65	2671	0	264	44
76	2667	10	264	45
65	2672	9	264	46
68	2674	11	264	47
57	2679	21	264	48
63	2679	0	264	49
52	2692	20	264	50
59	2686	10	264	51
95	2601	9	265	8
93	2602	9	265	9
98	2601	12	265	10
99	2606	11	265	14
76	2621	33	265	16
81	2620	9	265	17
90	2615	17	265	18
74	2630	20	265	20
71	2632	9	265	21
67	2637	11	265	22
63	2645	17	265	23
69	2640	9	265	24
46	2664	12	265	25
37	2671	22	265	26
61	2644	20	265	27
48	2656	22	265	28
25	2685	27	265	29
25	2692	38	265	30
28	2691	51	265	31
22	2708	16	265	32
23	2710	25	265	33
26	2714	9	265	34
28	2702	9	265	35
27	2704	18	265	36
32	2702	11	265	37
31	2702	0	265	38
47	2682	22	265	39
52	2673	6	265	40
50	2682	18	265	41
51	2681	3	265	42
58	2676	26	265	43
40	2695	8	265	44
57	2680	16	265	45
61	2677	18	265	46
60	2677	0	265	47
80	2662	20	265	48
68	2675	24	265	49
79	2666	27	265	50
70	2673	16	265	51
94	2629	16	266	31
85	2640	22	267	33
66	2653	22	267	34
70	2655	14	267	35
75	2652	29	267	36
60	2669	19	267	37
49	2684	11	267	38
80	2652	23	267	39
82	2653	18	267	40
60	2667	27	267	41
65	2667	17	267	42
67	2668	13	267	43
71	2668	0	267	44
90	2654	19	267	45
83	2660	12	267	46
66	2675	20	267	47
72	2669	19	267	48
62	2680	7	267	49
61	2682	29	267	50
52	2693	15	267	51
97	2612	4	268	18
68	2632	42	268	19
50	2646	10	268	20
55	2645	9	268	21
30	2673	19	268	22
28	2673	23	268	23
25	2680	7	268	24
25	2682	24	268	25
32	2674	21	268	26
34	2673	15	268	27
58	2650	9	268	28
45	2664	17	268	29
44	2668	24	268	30
51	2664	8	268	31
41	2679	30	268	32
52	2668	15	268	33
61	2659	12	268	34
51	2673	26	268	35
43	2686	30	268	36
51	2679	24	268	37
56	2673	8	268	38
52	2672	16	268	39
53	2672	0	268	40
69	2660	27	268	41
76	2660	0	268	42
90	2646	18	268	43
97	2645	18	268	44
87	2657	16	268	45
73	2667	9	268	46
79	2665	10	268	47
76	2666	9	268	48
76	2669	25	268	49
70	2672	18	268	50
70	2673	4	268	51
82	2643	36	269	33
70	2650	20	269	34
62	2661	17	269	35
65	2659	20	269	36
66	2664	9	269	37
62	2667	2	269	38
78	2625	28	270	21
49	2653	32	270	22
30	2670	15	270	23
46	2660	21	270	24
65	2641	20	270	25
68	2640	28	270	26
61	2644	28	270	27
48	2656	18	270	28
73	2645	29	270	29
84	2638	5	270	30
70	2645	23	270	31
69	2650	19	270	32
56	2664	40	270	33
55	2664	0	270	34
51	2673	5	270	35
68	2657	39	270	36
80	2651	40	270	37
62	2667	9	270	38
61	2664	16	270	39
55	2670	6	270	40
56	2670	0	270	41
70	2663	22	270	42
73	2664	1	270	43
74	2664	0	270	44
82	2661	6	270	45
66	2671	9	270	46
47	2687	22	270	47
43	2694	22	270	48
57	2682	11	270	49
70	2672	4	270	50
57	2688	7	270	51
56	2638	20	271	17
45	2652	14	271	18
19	2685	20	271	19
24	2679	19	271	20
34	2671	30	271	21
38	2666	25	271	22
35	2665	26	271	23
46	2660	9	271	24
48	2662	31	271	25
61	2645	21	271	26
60	2645	13	271	27
51	2654	17	271	28
30	2681	30	271	29
32	2678	5	271	30
45	2674	12	271	31
35	2684	16	271	32
46	2671	31	271	33
61	2659	29	271	34
53	2671	21	271	35
57	2671	23	271	36
52	2678	14	271	37
51	2681	2	271	38
44	2691	16	271	39
41	2692	8	271	40
44	2687	9	271	41
68	2664	25	271	42
77	2661	4	271	43
77	2661	0	271	44
62	2676	17	271	45
57	2678	2	271	46
60	2677	9	271	47
64	2677	30	271	48
54	2683	11	271	49
59	2686	5	271	50
51	2695	13	271	51
74	2648	43	272	34
71	2654	19	272	35
71	2655	29	272	36
81	2650	12	272	37
95	2644	29	272	39
83	2652	18	272	41
97	2642	17	272	42
89	2625	27	273	23
49	2659	23	273	24
61	2644	28	273	25
64	2643	33	273	26
44	2658	6	273	27
65	2644	34	273	28
55	2655	29	273	29
47	2663	23	273	30
48	2665	21	273	31
41	2679	18	273	32
20	2717	34	273	33
31	2703	27	273	34
19	2723	28	273	35
16	2730	10	273	36
11	2740	9	273	37
14	2740	0	273	38
6	2758	11	273	39
7	2759	21	273	40
12	2740	7	273	41
17	2734	14	273	42
26	2719	17	273	43
26	2719	0	273	44
17	2733	10	273	45
13	2736	10	273	46
11	2746	9	273	47
10	2760	6	273	48
11	2760	0	273	49
10	2756	9	273	50
11	2757	10	273	51
92	2621	48	274	20
68	2634	26	274	21
97	2618	44	274	22
89	2625	6	274	23
77	2635	29	274	24
78	2632	24	274	25
81	2632	0	274	26
69	2640	9	274	27
63	2646	7	274	28
52	2657	11	274	29
41	2670	17	274	30
19	2713	36	274	31
25	2695	13	274	32
36	2687	23	274	33
33	2696	28	274	34
46	2679	31	274	35
51	2678	11	274	36
52	2678	0	274	37
62	2667	20	274	38
55	2671	5	274	39
64	2660	15	274	40
75	2657	19	274	41
100	2640	11	274	42
77	2661	7	274	43
77	2661	0	274	44
74	2668	21	274	45
77	2665	9	274	46
81	2664	20	274	47
72	2669	11	274	48
76	2669	0	274	49
96	2650	29	274	50
95	2652	20	275	49
79	2666	25	275	50
78	2666	12	275	51
91	2622	20	276	25
84	2630	18	276	26
74	2637	16	276	27
81	2637	28	276	29
88	2635	11	276	30
69	2660	18	276	41
70	2663	5	276	42
74	2663	0	276	43
30	2711	25	276	44
19	2726	18	276	45
20	2726	0	276	46
33	2711	22	276	47
24	2721	22	276	48
54	2683	16	276	49
45	2704	10	276	50
39	2705	14	276	51
90	2638	21	277	34
41	2687	28	277	35
40	2688	20	277	36
48	2681	6	277	37
51	2681	0	277	38
42	2694	24	277	39
41	2692	8	277	40
28	2710	15	277	41
32	2707	18	277	42
24	2722	18	277	43
32	2709	5	277	44
31	2709	15	277	45
33	2709	11	277	46
23	2720	9	277	47
15	2733	31	277	48
18	2733	0	277	49
21	2726	17	277	50
21	2729	22	277	51
92	2631	16	278	29
80	2639	19	278	30
84	2662	15	279	50
81	2662	0	279	51
91	2599	20	280	7
80	2610	9	280	8
73	2618	9	280	9
60	2628	8	280	10
65	2624	23	280	11
46	2644	25	280	12
45	2648	9	280	13
45	2650	19	280	14
34	2656	9	280	15
31	2670	12	280	16
40	2664	15	280	17
37	2663	14	280	18
36	2667	18	280	19
28	2673	9	280	20
23	2682	12	280	21
18	2704	22	280	22
19	2700	17	280	23
13	2717	14	280	24
11	2728	20	280	25
11	2729	10	280	26
11	2729	6	280	27
7	2747	13	280	28
9	2746	7	280	29
8	2742	9	280	30
12	2735	20	280	31
8	2751	27	280	32
7	2744	31	280	33
8	2752	23	280	34
6	2761	27	280	35
5	2756	27	280	36
7	2756	0	280	37
7	2757	10	280	38
11	2748	10	280	39
16	2733	13	280	40
12	2740	7	280	41
13	2740	0	280	42
10	2748	23	280	43
13	2748	0	280	44
11	2744	14	280	45
11	2744	0	280	46
12	2744	0	280	47
13	2744	0	280	48
14	2744	14	280	49
13	2752	9	280	50
5	2781	15	280	51
83	2626	30	281	25
62	2644	32	281	26
61	2644	45	281	27
48	2656	9	281	28
22	2696	25	281	29
22	2703	27	281	30
25	2698	49	281	31
31	2689	33	281	32
29	2704	28	281	33
11	2736	23	281	34
13	2739	28	281	35
14	2738	38	281	36
13	2736	10	281	37
15	2736	0	281	38
16	2734	27	281	39
8	2749	8	281	40
10	2749	0	281	41
8	2752	7	281	42
28	2716	29	281	43
16	2732	8	281	44
10	2756	21	281	45
14	2734	21	281	46
14	2734	0	281	47
28	2714	11	281	48
35	2709	24	281	49
26	2716	23	281	50
49	2697	18	281	51
96	2628	32	282	29
68	2645	18	282	30
77	2641	27	282	31
67	2651	27	282	32
93	2634	41	282	33
74	2650	36	282	35
75	2652	20	282	36
97	2644	30	282	37
82	2654	18	282	38
80	2652	17	282	39
93	2624	40	283	27
73	2641	9	283	28
57	2654	18	283	29
63	2646	19	283	30
67	2646	31	283	31
60	2658	11	283	32
76	2646	21	283	33
77	2646	0	283	34
60	2664	19	283	35
45	2684	24	283	36
40	2689	6	283	37
43	2688	7	283	38
27	2708	21	283	39
30	2705	14	283	40
36	2701	14	283	41
31	2708	18	283	42
33	2708	0	283	43
36	2701	9	283	44
40	2699	25	283	45
41	2695	11	283	46
35	2707	9	283	47
33	2707	10	283	48
36	2707	0	283	49
35	2710	11	283	50
15	2740	22	283	51
71	2655	43	284	36
81	2650	2	284	37
68	2663	18	284	38
69	2656	11	284	39
93	2647	6	284	40
83	2652	15	284	41
88	2641	37	285	36
71	2658	21	285	37
65	2664	18	285	38
76	2653	10	285	39
68	2658	12	285	40
66	2663	9	285	41
88	2648	13	285	43
81	2659	19	285	44
89	2656	14	285	45
73	2667	10	285	46
75	2669	7	285	47
97	2650	16	285	48
90	2656	13	285	49
99	2648	10	285	50
89	2659	10	285	51
83	2620	19	286	18
99	2613	25	286	19
43	2657	30	286	20
45	2660	9	286	21
42	2662	36	286	22
65	2644	8	286	23
41	2664	14	286	24
78	2632	27	286	25
68	2640	16	286	26
53	2651	6	286	27
38	2663	14	286	28
70	2647	16	286	29
61	2648	21	286	30
46	2670	22	286	31
34	2686	17	286	32
31	2697	27	286	33
30	2704	6	286	34
32	2699	19	286	35
30	2701	10	286	36
26	2710	35	286	37
16	2735	17	286	38
24	2715	17	286	39
27	2708	7	286	40
17	2735	21	286	41
18	2733	4	286	42
19	2729	10	286	43
15	2733	10	286	44
14	2741	15	286	45
10	2751	16	286	46
8	2774	13	286	47
8	2774	0	286	48
6	2770	16	286	49
12	2753	13	286	50
10	2758	10	286	51
84	2652	16	287	40
72	2659	9	287	41
45	2690	19	287	44
46	2688	22	287	45
49	2688	0	287	46
45	2688	0	287	47
55	2681	17	287	48
59	2681	0	287	49
47	2701	16	287	50
44	2703	22	287	51
69	2674	37	288	48
97	2651	20	288	49
90	2655	7	288	50
81	2662	18	288	51
95	2644	31	289	38
76	2653	28	289	39
94	2638	16	290	35
84	2645	20	290	36
94	2645	0	290	37
84	2653	11	290	42
79	2660	10	290	43
79	2660	0	290	44
83	2660	21	290	45
83	2660	0	290	46
76	2667	9	290	47
57	2679	11	290	48
63	2679	0	290	49
86	2660	14	290	50
97	2635	35	291	36
89	2650	9	291	41
86	2652	4	291	42
67	2668	35	291	43
79	2660	8	291	44
71	2669	23	291	45
93	2655	26	291	46
88	2660	9	291	47
74	2650	25	292	35
95	2649	26	292	45
91	2646	32	293	38
93	2646	0	293	39
58	2668	13	293	40
93	2648	29	293	41
89	2647	20	293	42
82	2656	8	293	43
80	2665	32	293	45
66	2671	9	293	46
55	2680	23	293	47
57	2679	29	293	48
49	2689	7	293	49
50	2696	26	293	50
100	2651	20	293	51
87	2643	46	294	36
100	2649	18	294	46
90	2656	34	294	48
76	2669	24	294	49
35	2710	23	294	50
46	2700	19	294	51
93	2622	27	295	26
97	2619	24	295	27
79	2638	25	295	28
100	2624	24	295	29
74	2643	47	295	30
48	2665	62	295	31
35	2684	25	295	32
33	2691	28	295	33
33	2696	9	295	34
38	2691	7	295	35
33	2696	29	295	36
39	2690	38	295	37
41	2690	0	295	38
27	2708	13	295	39
23	2715	10	295	40
24	2715	0	295	41
22	2722	10	295	42
21	2724	36	295	43
21	2724	8	295	44
18	2727	22	295	45
17	2731	33	295	46
19	2728	13	295	47
17	2732	6	295	48
24	2718	15	295	49
18	2733	24	295	50
16	2736	6	295	51
95	2656	17	296	51
64	2635	34	297	20
55	2645	23	297	21
44	2658	31	297	22
42	2660	19	297	23
45	2661	22	297	24
26	2679	22	297	25
35	2672	21	297	26
30	2678	6	297	27
26	2686	13	297	28
35	2678	19	297	29
24	2694	11	297	30
14	2732	36	297	31
13	2732	0	297	32
15	2727	27	297	33
15	2730	24	297	34
27	2706	17	297	35
22	2721	19	297	36
18	2717	13	297	37
20	2722	13	297	38
18	2723	12	297	39
21	2720	12	297	40
20	2725	13	297	41
14	2739	7	297	42
11	2747	11	297	43
14	2747	0	297	44
9	2760	16	297	45
5	2776	20	297	46
6	2776	0	297	47
5	2776	0	297	48
4	2788	10	297	49
5	2772	13	297	50
8	2763	15	297	51
85	2648	20	299	37
74	2659	9	299	38
96	2645	9	299	41
95	2643	5	299	42
86	2650	10	299	43
69	2669	22	299	44
53	2683	6	299	45
46	2689	9	299	46
49	2686	9	299	47
47	2687	9	299	48
46	2696	10	299	49
42	2705	8	299	50
57	2688	20	299	51
97	2642	0	300	42
81	2662	12	300	51
98	2647	19	301	45
85	2634	22	302	32
68	2658	10	302	40
78	2656	18	302	41
42	2695	20	302	42
34	2706	20	302	43
34	2706	0	302	44
26	2720	26	302	45
15	2733	11	302	46
18	2729	13	302	47
31	2711	20	302	48
31	2711	0	302	49
24	2718	16	302	50
20	2730	11	302	51
98	2649	24	303	48
100	2649	0	303	49
90	2634	24	304	30
84	2637	8	304	31
90	2632	9	304	32
39	2681	35	304	33
24	2716	30	304	34
33	2696	28	304	35
45	2684	10	304	36
29	2703	31	304	37
23	2718	31	304	38
22	2718	0	304	39
18	2730	21	304	40
19	2727	9	304	41
29	2710	15	304	42
22	2723	12	304	43
25	2721	10	304	44
36	2703	29	304	45
31	2715	6	304	46
19	2728	22	304	47
20	2731	5	304	48
21	2722	13	304	49
29	2715	22	304	50
33	2710	10	304	51
89	2625	40	305	23
61	2646	13	305	24
29	2675	27	305	25
21	2698	46	305	26
24	2690	11	305	27
22	2693	27	305	28
17	2710	19	305	29
16	2714	25	305	30
13	2733	37	305	31
5	2765	27	305	32
6	2775	16	305	33
3	2786	31	305	34
4	2776	17	305	35
3	2770	27	305	36
3	2772	12	305	37
4	2772	10	305	38
2	2801	10	305	39
1	2810	16	305	40
1	2813	13	305	41
1	2813	0	305	42
1	2826	10	305	43
1	2826	0	305	44
2	2802	14	305	45
1	2814	17	305	46
2	2815	13	305	47
2	2815	0	305	48
1	2821	10	305	49
1	2823	10	305	50
1	2826	10	305	51
93	2649	21	306	44
87	2657	9	306	45
90	2657	0	306	46
92	2657	0	306	47
86	2660	21	306	48
82	2666	6	306	49
77	2668	11	306	50
92	2658	14	306	51
93	2647	20	307	40
42	2689	35	307	41
46	2687	13	307	42
55	2681	9	307	43
41	2694	10	307	44
44	2689	20	307	45
78	2664	5	307	46
44	2689	40	307	47
47	2687	1	307	48
26	2715	22	307	49
25	2717	13	307	50
28	2714	25	307	51
86	2640	10	308	34
83	2646	22	308	35
78	2649	31	308	36
59	2670	25	308	37
71	2662	17	308	38
80	2652	21	308	39
51	2675	18	308	40
52	2680	22	308	41
57	2675	21	308	42
39	2697	21	308	43
37	2700	19	308	44
31	2709	19	308	45
25	2721	18	308	46
28	2716	19	308	47
28	2714	21	308	48
31	2711	9	308	49
32	2712	20	308	50
23	2727	27	308	51
78	2664	33	309	48
93	2654	15	309	49
87	2659	10	309	50
86	2660	11	309	51
88	2641	29	310	36
92	2646	22	310	37
95	2644	9	310	38
76	2656	8	310	40
64	2665	22	310	41
67	2665	0	310	42
60	2674	18	310	43
71	2668	19	310	44
71	2669	19	310	45
64	2673	18	310	46
76	2667	19	310	47
74	2667	0	310	48
89	2658	23	310	49
90	2655	23	310	50
89	2659	13	310	51
97	2652	27	311	47
71	2672	33	311	49
97	2642	24	312	42
62	2672	25	312	43
61	2677	19	312	44
55	2682	12	312	45
51	2686	7	312	46
43	2690	15	312	47
47	2687	22	312	48
40	2701	12	312	49
23	2722	19	312	50
28	2714	14	312	51
