ev	szakaz	ossz	elso	felvett	pont	forma	munkarend	tamogatott
2009	30	2	1	1	81	M	N	0
2010	162	13	1	1	92	M	N	0
2008	55	22	2	0		M	N	0
2012	188	5	2	2	77	M	N	0
2010	212	6	1	0		M	N	1
2009	130	163	59	29	80	M	N	1
2009	214	198	20	51	321	A	N	0
2012	103	275	60	14	424	A	N	1
2008	78	539	100	114	392	A	N	1
2011	189	6	0	0		A	N	0
2012	121	1	1	1	93	M	N	0
2010	76	102	23	14	410	A	N	1
2010	55	12	1	2	30	M	N	0
2009	88	119	33	20	410	A	N	1
2007	156	114	9	5	134	A	N	0
2009	66	1	1	0		M	N	0
2009	180	50	16	10	407	A	N	1
2010	86	46	11	10	56	M	L	0
2010	166	2	1	1	84	M	N	1
2011	184	2	1	1	89	M	N	1
2007	180	8	0	0		A	N	0
2011	178	2	0	0		M	N	0
2010	15	1	0	0		M	N	0
2007	156	312	130	25	138	A	N	1
2009	117	9	2	1	83	M	L	0
2011	202	16	9	5	37	M	N	1
2011	88	64	21	20	384	A	N	1
2008	167	3	2	2		M	N	0
2009	48	1	0	0		M	N	1
2010	51	11	1	0		M	N	0
2012	52	7	1	1	87	M	N	0
2011	83	1537	910	356	427	O	N	1
2011	188	15	10	6	79	M	N	1
2009	40	90	2	0		M	N	0
2011	197	1	1	1	70	M	N	0
2010	35	10	10	4	59	M	N	1
2007	90	1	0	0		A	N	0
2008	167	20	15	14	95	M	N	1
2010	136	10	1	2	80	M	N	1
2007	40	12	0	0		A	N	0
2011	55	102	51	21	74	M	N	1
2011	150	2	1	1	83	M	N	1
2011	11	11	5	3	82	M	N	1
2009	2	16	1	0		M	L	1
2009	113	583	122	149	281	A	N	1
2011	161	13	0	3	318	A	N	0
2010	46	10	6	6	73	M	N	1
2011	133	133	57	40	75	M	N	1
2008	195	224	81	37	437	A	N	1
2009	90	4	0	1	298	A	N	0
2012	153	3	0	0		M	E	0
2010	51	388	115	45	419	A	N	1
2011	166	5	5	3	85	M	N	1
2012	85	1	0	0	72	M	N	0
2011	165	4	3	2	73	M	N	1
2011	117	6	5	4	51	M	N	1
2011	185	230	14	19	389	A	N	0
2010	107	1	0	0		M	N	1
2012	8	4	2	1	72	M	N	1
2012	16	15	8	1	403	A	N	1
2010	37	16	8	3	48	M	L	1
2009	153	1	1	0		M	E	0
2009	141	4	0	0		M	N	0
2007	133	264	20	9	130	A	N	0
2011	59	10	6	0	77	M	L	1
2010	37	1	0	0	45	M	N	0
2008	51	608	164	50	420	A	N	1
2007	97	15	5	5	90	A	E	0
2012	57	760	234	104	422	A	N	1
2010	19	60	9	5	31	M	N	0
2011	124	2	0	0	1	M	N	0
2012	106	13	3	2	438	A	N	1
2008	18	50	1	9	352	A	N	0
2009	177	5	4	3	29	M	N	1
2009	132	96	8	36	313	A	N	0
2011	116	22	10	7	57	M	L	0
2011	73	5	1	0		M	N	0
2009	14	33	26	15	49	M	L	1
2010	87	3	1	0	68	M	N	1
2011	72	44	15	16	75	M	N	1
2008	33	117	19	44	161	A	E	0
2009	78	19	19	18	316	A	N	0
2011	159	279	51	40	434	A	N	1
2008	83	846	370	407	173	O	L	0
2011	32	27	19	8	84	M	N	1
2007	64	27	9	6	134	A	N	1
2011	153	84	84	79	202	A	E	0
2008	132	910	381	146	405	A	N	1
2009	208	46	22	15	37	M	N	1
2010	29	5	1	1	90	M	N	0
2011	42	25	10	6	81	M	N	1
2009	195	211	74	37	427	A	N	1
2009	117	13	10	5	52	M	L	1
2012	186	16	6	3	49	M	L	1
2010	187	2	2	2	41	M	N	0
2011	210	71	41	16	70	M	L	1
2012	150	3	2	3	52	M	N	1
2007	51	292	22	0	133	A	N	0
2011	51	77	33	27	82	M	N	1
2007	127	6	0	0		A	N	0
2009	159	185	45	30	440	A	N	1
2009	147	92	20	7	435	A	N	1
2009	90	29	5	9	350	A	N	1
2012	99	12	3	1	438	A	N	1
2010	12	2	1	0		M	N	1
2007	80	35	2	3	126	A	N	0
2010	41	20	2	1	66	M	N	0
2007	80	96	48	37	132	A	N	1
2010	132	3	0	0		M	N	0
2012	4	11	2	1	87	M	N	0
2012	11	11	2	1	70	M	N	1
2010	179	31	21	16	32	M	L	1
2010	42	3	0	0		M	N	0
2011	20	13	4	4	70	M	L	1
2008	159	267	65	28	456	A	N	1
2012	126	51	21	13	70	M	N	1
2012	149	20	0	0	90	M	N	0
2009	19	56	3	0		M	N	0
2010	122	3	1	0		M	N	0
2008	99	25	8	4	396	A	N	1
2011	69	18	6	5	75	M	N	1
2012	155	139	5	39	296	A	N	0
2012	196	1591	712	170	449	A	N	1
2010	130	1225	314	134	442	A	N	1
2007	13	8	2	3	119	A	N	0
2012	140	34	24	16	90	M	E	0
2011	196	99	11	13	65	M	N	0
2007	200	39	2	2	134	A	N	0
2012	153	47	4	2	80	M	N	0
2010	82	12	2	1	75	M	N	0
2012	153	56	45	27	80	M	N	1
2011	51	404	132	44	415	A	N	1
2011	60	22	7	0		M	L	0
2010	102	1	0	0	50	M	N	1
2007	147	38	3	15	96	A	N	0
2011	186	11	1	1	60	M	N	0
2008	183	782	231	212	377	A	N	1
2010	155	364	122	87	392	A	N	1
2009	61	51	20	11	432	A	N	1
2011	176	9	5	2	73	M	N	1
2009	204	8	1	0		M	L	0
2009	109	31	31	29	300	A	N	0
2010	45	361	139	41	330	A	N	1
2007	44	151	75	72	122	A	N	1
2010	178	3	2	0		M	N	1
2012	60	17	1	1	91	M	N	0
2010	83	591	38	106	392	O	N	0
2011	50	27	1	8	28	M	N	0
2011	132	7	0	0		M	N	0
2012	191	71	24	22	64	M	N	1
2009	64	2	0	0		A	N	0
2010	149	68	30	26	92	M	N	1
2012	168	1	0	0		M	N	0
2012	26	2	0	0	43	M	N	0
2010	18	74	8	5	435	A	N	0
2007	198	148	40	45	117	A	N	1
2012	212	1	0	1	61	M	N	0
2012	72	6	0	0		M	N	0
2011	168	134	33	21	399	A	N	1
2007	151	4	0	2	118	A	N	0
2010	183	863	269	200	399	A	N	1
2012	183	663	211	90	422	A	N	1
2010	109	38	0	0		M	N	0
2011	14	3	1	1	66	M	N	0
2009	156	82	11	8	413	A	N	0
2011	175	36	3	4	62	M	N	0
2011	194	3	3	2	71	M	N	0
2010	172	5	1	0	42	M	N	0
2010	53	78	44	31	37	M	N	1
2010	95	2	2	2	83	M	N	1
2010	68	11	6	2	66	M	N	1
2009	158	76	6	15	178	A	N	0
2011	182	7	0	1	90	M	N	0
2012	194	3	3	1	54	M	N	1
2010	117	1	0	0		M	L	0
2010	95	1	1	1	92	M	N	0
2009	127	4	0	0		A	N	0
2008	189	3	0	0		A	N	0
2011	198	68	5	8	342	A	N	0
2009	51	253	113	149	203	A	L	0
2011	31	9	2	2	70	M	L	0
2010	198	35	27	19	48	M	N	1
2012	162	78	56	29	46	M	N	1
2012	187	66	0	0		M	N	0
2012	38	2	2	0		M	N	1
2011	17	23	2	1	46	M	N	0
2011	18	117	35	21	428	A	N	1
2011	152	3	0	0		M	N	0
2009	19	145	87	48	31	M	N	1
2012	182	21	0	0	90	M	N	0
2008	129	379	104	13	395	A	N	1
2012	84	77	19	15	412	A	N	1
2011	164	139	46	0		A	L	1
2010	81	2	1	0		M	N	0
2011	117	1	0	0	63	M	L	1
2010	202	1	0	0	50	M	L	1
2012	158	184	7	50	240	A	N	0
2011	106	23	7	4	428	A	N	1
2011	52	7	1	1	90	M	N	0
2009	65	25	23	15	92	M	N	1
2011	127	8	0	1	308	A	N	0
2008	131	1	0	0		M	N	0
2007	51	369	166	150	108	A	L	0
2011	55	147	78	36	74	M	E	1
2009	44	33	1	8	302	A	N	0
2012	130	106	1	17	91	M	N	0
2012	161	14	0	2	345	A	N	0
2010	158	711	240	191	295	A	N	1
2011	210	12	4	3	50	M	N	0
2012	96	8	3	2	84	M	L	0
2012	130	248	62	15	97	M	N	1
2008	33	428	178	117	277	A	N	1
2011	129	208	2	28	360	A	N	0
2011	201	101	23	0		A	L	1
2010	86	56	38	29	56	M	L	1
2012	84	28	1	7	302	A	N	0
2010	202	3	3	0		M	L	1
2009	196	207	136	114	71	M	N	1
2010	65	60	37	27	91	M	N	1
2008	83	529	25	51	372	O	N	0
2010	9	1	1	0		M	N	1
2010	148	109	50	32	380	A	N	1
2012	73	43	13	10	72	M	N	1
2012	102	6	3	0		M	L	0
2012	74	78	20	7	436	A	N	1
2011	125	2	1	0		A	N	1
2010	209	5	3	2	78	M	N	1
2011	116	2	1	1	66	M	N	0
2008	189	21	9	10	242	A	N	1
2011	108	1	0	0		A	N	1
2010	18	148	50	20	436	A	N	1
2011	133	1019	465	244	401	A	N	1
2010	63	7	0	0		A	N	0
2010	190	51	35	29	58	M	N	1
2011	46	7	3	2	86	M	N	1
2011	80	29	2	4	372	A	N	0
2010	5	107	32	9	422	A	N	1
2009	75	8	6	6	67	M	N	1
2010	16	8	1	0		A	N	1
2011	162	8	2	0		M	N	0
2012	21	6	0	0	90	M	N	0
2012	201	439	82	40	391	A	N	1
2010	117	1	0	0		M	L	1
2012	175	50	5	4	54	M	N	0
2007	129	226	5	29	104	A	N	0
2012	202	9	5	5	76	M	N	1
2008	83	183	183	77	173	O	L	0
2011	171	6	3	3	69	M	N	0
2012	180	7	0	1	428	A	N	0
2009	165	26	13	11	56	M	N	1
2011	202	1	0	0	1	M	N	0
2010	210	7	1	0	41	M	N	0
2011	51	8	0	0		M	N	0
2010	200	498	118	143	313	A	N	1
2012	198	76	3	19	308	A	N	0
2010	55	41	4	5	40	M	E	0
2012	14	7	4	1	50	M	L	1
2007	58	16	5	2	134	A	N	1
2007	164	32	2	7	92	A	E	0
2009	115	90	5	12	332	A	N	0
2009	131	5	1	0		M	N	0
2009	133	62	32	22	52	M	N	1
2008	99	10	0	2	262	A	N	0
2010	164	36	4	9	292	A	N	0
2010	185	253	26	25	402	A	N	0
2012	37	11	2	1	70	M	L	0
2010	88	106	35	19	424	A	N	1
2012	108	1	1	0		A	N	1
2009	197	1	0	0		M	N	0
2008	151	12	3	5	347	A	N	1
2009	133	1001	460	281	398	A	N	1
2007	153	319	28	27	105	A	N	0
2010	57	3	0	0		M	N	0
2010	64	5	0	2	255	A	N	0
2008	74	53	2	16	276	A	N	0
2010	171	28	19	14	80	M	N	1
2012	146	7	0	0	50	M	N	0
2012	180	26	5	3	417	A	N	1
2008	147	61	21	16	377	A	N	1
2008	127	6	0	0		A	N	0
2012	94	406	68	25	438	A	N	1
2009	172	24	18	16	64	M	N	1
2010	133	231	12	10	394	A	N	0
2007	57	197	11	17	123	A	N	0
2011	26	3	0	1	47	M	N	0
2011	54	2	0	0		M	N	0
2012	36	8	1	1	90	M	N	0
2010	164	19	14	0		M	N	1
2009	80	24	2	4	345	A	N	0
2010	140	63	32	29	93	M	N	1
2010	186	7	0	0	68	M	N	0
2009	117	1	0	0		M	N	0
2010	202	8	5	4	65	M	N	1
2010	197	21	7	7	68	M	N	1
2007	183	690	218	200	123	A	N	1
2010	177	2	1	1	77	M	N	0
2009	206	1	1	1	38	M	N	0
2011	198	30	20	10	80	M	N	1
2011	32	4	1	1	85	M	N	0
2011	153	160	120	78	79	M	N	1
2011	164	48	25	20	90	M	N	1
2008	164	6	6	6	211	A	E	0
2011	3	1	1	1	75	M	N	0
2011	33	920	395	172	325	A	N	1
2009	99	52	12	3	426	A	N	1
2011	167	16	2	3	90	M	N	0
2012	55	140	79	54	69	M	E	1
2011	182	2	2	1	94	M	N	0
2012	35	6	0	0		M	N	0
2007	108	1	0	0		A	N	0
2012	21	66	15	21	95	M	N	1
2010	84	36	2	1	424	A	N	0
2012	210	7	3	1	49	M	N	1
2009	5	136	39	5	435	A	N	1
2011	60	12	3	2	95	M	N	0
2010	156	218	96	24	435	A	N	1
2012	116	1	0	0	44	M	N	0
2011	19	13	13	13	36	M	N	0
2010	114	14	3	2	48	M	L	0
2010	154	8	0	0		M	N	0
2009	68	8	2	2	83	M	N	0
2011	165	1	1	1	90	M	N	0
2011	82	12	1	1	78	M	N	0
2011	9	1	0	0		M	N	0
2012	185	406	27	129	292	A	N	0
2007	64	4	0	0		A	N	0
2009	176	9	5	5	51	M	N	1
2010	93	142	6	4	432	A	N	0
2010	5	60	8	22	304	A	N	0
2012	210	52	29	24	49	M	L	1
2009	18	121	41	22	434	A	N	1
2011	130	277	71	39	95	M	N	1
2011	139	11	9	7	82	M	N	1
2009	33	555	249	209	259	A	N	1
2011	7	108	62	42	51	M	N	1
2011	9	4	2	2	85	M	N	1
2011	70	9	4	2	88	M	N	1
2010	90	25	5	1	392	A	N	1
2012	153	65	32	15	80	M	E	1
2012	42	5	2	1	83	M	N	0
2011	189	40	13	18	313	A	N	1
2008	129	185	5	39	314	A	N	0
2007	148	37	2	5	113	A	N	0
2012	171	9	2	2	88	M	N	0
2010	69	2	2	0		M	N	0
2009	40	1	0	0		A	N	0
2010	68	12	2	1	77	M	N	0
2012	62	2	1	0	42	M	L	1
2010	6	2	1	1	84	M	N	1
2010	60	19	2	0		M	L	0
2011	67	10	4	2	80	M	N	0
2011	131	8	0	0	71	M	L	0
2009	155	415	178	152	377	A	N	1
2010	72	46	16	19	60	M	N	1
2011	112	5	4	4	59	M	N	1
2012	50	43	5	10	40	M	N	0
2008	200	378	85	122	216	A	N	1
2007	61	65	24	11	140	A	N	1
2009	95	2	0	0		M	N	0
2007	25	14	1	2	125	A	N	0
2011	174	3	0	0		M	N	0
2012	158	652	181	104	339	A	N	1
2009	162	16	3	1	60	M	N	0
2012	21	13	1	0		M	L	0
2009	39	1032	298	287	357	A	N	1
2009	109	28	4	2	80	M	N	0
2011	41	189	108	76	59	M	N	1
2011	177	5	4	5	81	M	N	1
2009	186	25	5	2	73	M	L	0
2012	156	215	75	31	429	A	N	1
2012	43	6	2	0	46	M	N	0
2011	145	2	1	1	89	M	N	0
2011	40	44	2	5	60	M	N	0
2012	178	7	2	1	95	M	N	1
2012	134	164	5	8	350	A	N	0
2012	193	4	0	0	54	M	N	0
2011	39	144	13	10	363	A	N	0
2009	107	10	1	0		M	L	0
2011	35	6	5	0		M	N	1
2012	96	37	9	7	72	M	N	1
2011	132	224	155	105	40	M	L	1
2009	168	29	3	5	388	A	N	0
2010	189	6	1	1	280	A	N	0
2012	158	104	23	32	240	A	L	0
2012	31	2	1	0		M	N	1
2008	153	4	1	0	90	M	E	0
2011	60	1	1	1	95	M	N	0
2008	156	115	9	3	432	A	N	0
2010	101	1	1	0		M	N	0
2011	197	15	4	3	79	M	N	1
2011	133	244	19	36	362	A	N	0
2009	16	6	1	2	350	A	N	1
2009	10	57	15	5	435	A	N	1
2012	53	19	0	0		M	N	0
2009	143	7	0	0		M	N	1
2008	204	7	2	0		M	L	0
2007	132	827	390	154	124	A	N	1
2012	177	2	2	1	83	M	N	1
2010	187	135	53	43	33	M	N	1
2009	41	78	43	34	73	M	N	1
2009	198	24	1	1	74	M	L	0
2012	159	303	51	15	464	A	N	1
2010	188	8	4	4	75	M	N	1
2008	180	5	0	1	314	A	N	0
2009	25	35	1	1	432	A	N	0
2010	110	28	9	6	56	M	L	0
2010	39	139	11	14	361	A	N	0
2012	39	1182	344	287	376	A	N	1
2011	211	120	29	16	75	M	N	1
2010	186	50	27	21	68	M	N	1
2011	15	1	0	0		M	N	0
2010	153	96	96	79	211	A	E	0
2009	132	115	13	12	50	M	L	0
2012	71	4	4	3	77	M	N	1
2010	177	8	6	4	72	M	N	1
2009	151	4	0	2	359	A	N	0
2012	112	1	1	1	60	M	N	1
2011	29	1	0	0		M	N	0
2007	118	5	1	1	134	A	N	0
2011	119	10	6	3	83	M	N	1
2011	120	70	12	10	379	A	N	1
2009	187	112	34	29	49	M	N	1
2008	118	3	0	1	310	A	N	0
2012	5	39	4	10	312	A	N	0
2010	173	10	3	2	75	M	N	0
2009	42	20	18	14	52	M	N	1
2011	80	121	51	36	393	A	N	1
2009	174	2	0	0		M	N	0
2008	159	88	6	1	456	A	N	0
2010	111	322	113	131	200	A	L	0
2008	80	90	36	40	370	A	N	1
2009	57	875	260	173	398	A	N	1
2009	9	2	0	0		M	N	0
2012	179	7	2	2	50	M	L	0
2010	153	6	1	0		M	E	0
2012	45	102	4	21	240	A	N	0
2012	45	400	140	62	341	A	N	1
2010	99	47	16	2	431	A	N	1
2009	198	8	0	0		M	N	0
2011	43	3	0	0	74	M	N	0
2009	209	3	1	1	90	M	N	0
2010	53	16	2	0		M	N	0
2009	158	89	32	12	366	A	E	1
2010	201	108	0	7	376	A	N	0
2012	199	8	0	0		M	N	0
2007	196	431	57	44	136	A	N	0
2011	14	11	6	3	66	M	N	1
2008	137	68	68	66	162	A	L	0
2012	25	60	5	2	440	A	N	0
2011	49	16	1	2	40	M	N	0
2009	91	445	174	214	274	A	N	1
2011	141	65	38	23	68	M	N	1
2012	132	3	0	0		M	N	0
2009	156	263	102	23	438	A	N	1
2007	23	389	119	148	80	A	N	1
2012	211	20	2	2	62	M	N	0
2011	187	47	8	4	49	M	N	0
2012	136	5	0	0		M	N	0
2010	155	63	8	14	310	A	N	0
2011	86	3	1	0	62	M	N	1
2007	103	76	5	2	120	A	N	0
2012	164	7	0	0	90	M	N	0
2010	91	621	209	234	293	A	N	1
2012	33	299	15	80	246	A	N	0
2009	162	41	29	21	57	M	N	1
2009	14	8	0	0		M	N	0
2009	78	116	5	28	316	A	N	0
2012	67	11	3	1	80	M	N	0
2012	54	11	3	1	84	M	N	1
2011	57	35	6	5	70	M	N	0
2012	49	27	19	14	83	M	N	1
2012	51	156	28	49	302	A	L	0
2011	109	172	12	54	302	A	N	0
2012	139	14	6	6	78	M	N	1
2011	131	6	2	2	71	M	N	1
2008	91	79	8	8	392	A	N	0
2008	51	244	9	5	410	A	N	0
2010	197	3	1	0		M	N	0
2011	116	3	0	1	66	M	N	1
2008	97	14	1	3	396	A	N	0
2012	198	30	19	11	67	M	N	1
2008	55	14	14	10	82	M	E	0
2012	76	47	10	2	412	A	N	1
2008	33	113	3	8	268	A	N	0
2011	123	1574	704	524	329	A	N	1
2012	33	221	51	77	240	A	L	0
2010	100	1	0	0	50	M	N	0
2010	103	422	101	41	398	A	N	1
2010	144	50	3	4	414	A	N	0
2007	120	57	17	17	125	A	N	1
2012	186	5	1	0	49	M	L	0
2011	206	14	2	1	82	M	N	0
2008	115	435	159	169	324	A	N	1
2012	186	18	1	0	46	M	N	0
2009	140	56	46	40	88	M	E	0
2010	35	10	1	1	81	M	N	0
2010	164	571	179	59	384	A	N	1
2010	164	9	0	0		M	L	0
2007	58	8	0	3	88	A	N	0
2009	131	6	3	0		M	N	1
2011	179	27	19	12	12	M	L	1
2007	74	146	48	12	140	A	N	1
2009	80	112	46	36	412	A	N	1
2008	131	11	11	4		M	L	1
2009	164	1	0	0		M	N	0
2011	164	6	0	0		M	N	0
2010	158	91	32	8	400	A	E	1
2008	23	75	8	9	164	A	N	0
2009	129	121	7	9	340	A	N	0
2011	99	16	6	3	428	A	N	1
2008	137	263	141	145	162	A	L	0
2012	202	6	2	0		M	L	1
2009	89	1	1	1	89	M	N	0
2009	25	135	62	19	431	A	N	1
2010	80	26	3	2	383	A	N	0
2012	148	111	48	22	411	A	N	1
2012	68	64	23	16	74	M	N	1
2010	114	14	7	3	48	M	L	1
2007	120	22	0	3	112	A	N	0
2012	208	38	5	4	37	M	N	0
2009	53	62	29	27	62	M	N	1
2011	173	6	2	2	74	M	N	0
2010	59	45	25	19	65	M	N	1
2009	84	40	4	10	380	A	N	0
2009	49	24	0	0		M	N	0
2012	37	4	0	0	69	M	N	0
2012	23	140	13	25	244	A	N	0
2012	122	7	0	0		M	N	0
2009	57	26	1	1	85	M	N	0
2008	168	44	3	1	403	A	N	0
2009	7	67	44	36	70	M	N	1
2010	25	22	1	1	436	A	N	0
2008	158	57	26	14	318	A	E	1
2012	87	3	1	0	60	M	N	1
2011	43	51	36	23	29	M	L	1
2008	132	127	5	16	339	A	N	0
2010	122	2	2	2	83	M	N	0
2008	167	17	2	0		M	N	0
2012	46	1	0	0		M	N	0
2009	186	38	26	21	64	M	N	1
2012	63	32	1	0		A	N	1
2011	86	1	0	0	62	M	N	0
2010	210	79	49	27	60	M	L	1
2009	1	9	6	5	78	M	N	1
2007	25	61	25	18	129	A	N	1
2011	152	3	3	3	85	M	N	1
2010	4	56	23	16	53	M	N	1
2011	60	67	23	14	90	M	N	1
2011	158	861	303	162	323	A	N	1
2011	51	107	40	30	77	M	L	1
2012	169	10	7	4	54	M	N	1
2012	102	3	0	0		M	L	1
2009	2	9	1	0		M	L	0
2012	140	71	40	36	92	M	N	1
2010	24	7	0	1	85	M	N	1
2010	191	64	26	26	68	M	N	1
2010	165	1	1	0		M	N	1
2010	191	10	0	0		M	N	0
2012	160	11	7	5	56	M	N	1
2012	26	9	5	4	43	M	N	1
2012	189	40	10	8	339	A	N	1
2011	57	145	77	64	75	M	N	1
2012	40	599	175	31	449	A	N	1
2012	113	503	112	56	337	A	N	1
2009	103	53	5	8	346	A	N	0
2012	118	6	0	1	398	A	N	0
2009	204	3	0	0		M	N	0
2011	160	4	0	0	1	M	N	0
2008	16	4	1	2	364	A	N	1
2012	82	14	1	0		M	N	0
2009	68	46	34	28	73	M	N	1
2012	59	10	0	0	58	M	N	0
2010	14	12	7	1	58	M	N	1
2012	7	23	7	6	44	M	L	1
2011	164	307	99	75	368	A	N	1
2009	183	932	305	208	397	A	N	1
2012	190	32	13	6	51	M	N	1
2011	123	234	26	32	323	A	N	0
2010	120	78	17	9	373	A	N	1
2007	63	38	8	10	133	A	N	1
2010	63	46	9	10	401	A	N	1
2008	196	488	33	78	417	A	N	0
2012	153	128	61	47	240	A	E	0
2009	109	142	9	46	300	A	N	0
2009	195	63	6	4	429	A	N	0
2011	134	65	6	1	362	A	N	0
2008	109	152	4	30	301	A	N	0
2010	15	5	2	2	79	M	N	1
2011	102	10	5	2	61	M	L	0
2010	43	47	9	13	31	M	L	0
2011	68	78	32	18	57	M	N	1
2012	168	39	2	11	306	A	N	0
2010	214	173	17	45	363	A	N	0
2012	195	247	68	42	422	A	N	1
2009	211	92	39	39	42	M	N	1
2012	153	33	7	2	86	M	E	0
2008	172	5	2	1	71	M	N	1
2008	109	11	11	5	75	M	L	0
2012	69	14	6	3	72	M	N	1
2011	122	2	0	0		M	N	0
2012	91	179	16	30	244	A	N	0
2008	61	15	1	6	310	A	N	0
2011	105	1	1	0	1	M	N	1
2012	70	1	0	0		M	N	0
2010	169	7	6	3	54	M	N	1
2007	195	132	35	22	135	A	N	1
2012	23	494	164	129	337	A	N	1
2007	57	635	212	172	127	A	N	1
2011	183	770	239	157	397	A	N	1
2008	214	434	101	70	404	A	N	1
2011	27	45	32	11	78	M	N	1
2008	39	781	221	313	321	A	N	1
2012	88	118	33	16	417	A	N	1
2012	153	24	8	6	80	M	E	1
2009	158	490	162	168	238	A	N	1
2007	133	760	392	268	127	A	N	1
2011	169	14	9	5	79	M	N	1
2010	129	496	124	58	373	A	N	1
2010	130	461	31	68	397	A	N	0
2010	72	1	0	0		M	N	1
2011	69	3	0	0		M	N	0
2009	111	109	109	105	167	A	L	0
2011	201	461	88	59	388	A	N	1
2007	142	6	1	1	141	A	N	0
2010	116	3	0	0	46	M	N	1
2010	20	17	9	10	41	M	L	1
2008	106	10	1	5	234	A	N	0
2012	141	19	1	1	84	M	N	0
2012	131	2	2	2	70	M	N	0
2010	12	1	0	0		M	N	0
2008	39	175	5	8	320	A	N	0
2011	55	8	0	0		M	N	0
2010	86	1	0	0	79	M	N	0
2011	102	2	0	1	58	M	N	0
2012	190	4	0	0		M	N	0
2011	109	578	146	80	417	A	N	1
2008	151	7	0	0		A	N	0
2008	84	12	1	1	341	A	N	0
2012	91	647	245	223	340	A	N	1
2011	191	58	21	13	63	M	N	1
2012	116	9	1	2	44	M	L	0
2012	205	3	0	0		M	N	0
2011	173	30	24	19	62	M	N	1
2010	156	75	7	7	426	A	N	0
2010	193	17	13	8	62	M	N	1
2009	15	2	1	0		M	N	1
2008	58	25	2	2	420	A	N	1
2012	154	39	28	17	76	M	N	1
2011	58	7	2	0		A	N	1
2008	153	43	29	20	84	M	N	1
2010	113	65	1	1	415	A	N	0
2008	158	358	93	170	162	A	N	1
2010	49	24	4	2	85	M	N	0
2009	109	43	18	0		M	L	0
2011	141	14	1	2	67	M	N	0
2012	32	25	15	10	79	M	N	1
2011	130	46	1	3	92	M	N	0
2008	164	31	2	8	211	A	E	0
2010	125	2	0	0		A	N	1
2008	90	6	0	1	258	A	N	0
2008	107	11	2	0		M	L	0
2009	58	8	1	5	326	A	N	0
2010	23	437	140	141	290	A	N	1
2008	167	2	2	2	95	M	N	1
2012	29	9	5	3	80	M	N	1
2009	51	9	0	1	38	M	N	0
2012	31	8	1	0	40	M	L	0
2012	190	66	33	26	55	M	N	1
2012	176	14	10	5	72	M	N	1
2011	129	860	189	38	397	A	N	1
2010	58	20	5	2	425	A	N	1
2010	196	1389	673	167	449	A	N	1
2011	81	10	10	7	74	M	N	1
2011	107	1	0	0	9	M	N	1
2011	45	256	146	17	383	A	L	1
2011	153	41	27	16	80	M	N	1
2012	211	88	13	8	70	M	N	1
2012	127	74	26	19	337	A	N	1
2009	62	3	0	0		M	L	0
2012	214	241	12	43	300	A	N	0
2007	84	21	0	5	102	A	N	0
2008	195	84	6	3	424	A	N	0
2012	106	14	0	3	370	A	N	0
2009	120	3	0	0		A	N	0
2011	15	14	11	7	85	M	N	1
2009	89	2	2	2	69	M	N	1
2010	10	59	11	6	431	A	N	1
2009	153	58	28	13	80	M	E	1
2010	184	6	1	1	67	M	N	0
2010	17	120	71	49	41	M	N	1
2009	175	140	56	42	54	M	N	1
2012	9	1	0	0		M	N	0
2012	33	252	116	17	399	A	L	1
2011	74	48	2	17	310	A	N	0
2007	113	589	104	134	114	A	N	1
2010	159	97	5	24	317	A	N	0
2009	5	60	6	30	298	A	N	0
2007	158	90	4	6	80	A	N	0
2009	130	51	5	0		M	N	0
2012	42	28	12	8	70	M	N	1
2010	193	3	1	1	62	M	N	0
2012	15	9	3	2	84	M	N	1
2011	168	23	8	4	73	M	N	1
2012	17	107	67	51	49	M	N	1
2012	167	28	1	0	90	M	N	0
2007	76	8	0	0		A	N	0
2011	153	32	11	6	84	M	E	0
2007	115	477	208	125	125	A	N	1
2009	193	1	0	0		M	N	0
2011	214	546	133	33	435	A	N	1
2011	106	7	1	4	344	A	N	0
2012	150	1	0	0		M	N	0
2009	153	1	1	0		M	N	0
2011	110	1	0	0	1	M	N	1
2009	169	3	2	0		M	N	0
2010	176	11	8	5	77	M	N	1
2009	126	13	0	0		M	N	0
2011	24	2	0	0		M	N	0
2009	76	8	2	2	386	A	N	0
2011	44	126	45	39	378	A	N	1
2011	47	5	0	0		M	N	0
2009	23	309	94	107	273	A	N	1
2008	153	6	6	5	80	M	E	1
2012	36	2	2	0		M	N	0
2012	60	19	8	0		M	L	0
2011	27	15	0	2	75	M	N	0
2009	82	64	46	38	48	M	N	1
2012	9	5	1	2	90	M	N	1
2011	187	170	52	51	50	M	N	1
2011	154	7	1	1	96	M	N	0
2009	61	20	2	4	360	A	N	0
2010	153	83	38	23	78	M	E	1
2009	51	104	5	1	418	A	N	0
2008	60	42	30	16	86	M	L	0
2010	7	105	65	53	46	M	N	1
2009	175	42	4	1	95	M	N	0
2012	41	183	124	91	61	M	N	1
2010	205	3	0	0		M	N	0
2010	73	12	0	0		M	N	0
2012	57	41	1	1	90	M	N	0
2010	44	170	69	47	389	A	N	1
2011	93	92	2	10	418	A	N	0
2008	78	192	4	44	290	A	N	0
2010	117	6	5	3	45	M	N	1
2010	81	15	13	7	76	M	N	1
2010	201	84	18	0		A	L	1
2010	127	5	1	1	342	A	N	0
2008	158	76	2	2	162	A	N	0
2011	192	16	2	0		M	N	0
2012	27	23	10	7	65	M	N	1
2011	192	57	15	0		M	N	1
2009	75	1	0	0		M	N	0
2011	155	66	5	19	320	A	N	0
2007	99	28	3	0		A	N	0
2012	74	58	9	18	316	A	N	0
2010	190	2	1	1	53	M	N	1
2009	72	6	0	0		M	N	0
2007	91	85	11	13	102	A	N	0
2008	204	3	0	0		M	N	1
2008	18	127	32	16	446	A	N	1
2012	153	495	32	24	340	A	N	0
2012	168	70	14	2	406	A	N	1
2011	108	1	0	0		A	N	0
2009	199	17	2	2	95	M	N	1
2010	179	14	2	1	32	M	L	0
2012	202	1	0	0	76	M	N	0
2009	134	612	249	161	345	A	N	1
2011	58	5	1	3	314	A	N	0
2011	25	102	39	20	424	A	N	1
2012	129	245	7	15	375	A	N	0
2008	16	3	1	0		A	N	0
2009	30	10	3	2	72	M	N	1
2010	212	1	0	0		M	N	0
2010	31	1	0	0	59	M	N	0
2010	146	25	16	13	70	M	N	1
2011	154	27	24	15	60	M	N	1
2012	109	275	24	66	308	A	N	0
2011	111	347	119	128	200	A	L	0
2012	44	75	5	19	325	A	N	0
2010	20	1	0	0	41	M	N	1
2010	33	863	328	168	310	A	N	1
2007	103	196	32	42	119	A	N	1
2009	111	348	124	150	167	A	L	0
2010	171	5	1	1	67	M	N	0
2010	194	2	1	1	54	M	N	1
2012	131	4	3	1	70	M	N	1
2012	15	2	0	0		M	N	0
2009	172	49	6	5	31	M	L	0
2009	17	73	17	12	71	M	L	0
2009	142	8	0	0		A	N	0
2012	164	67	9	0		A	L	0
2008	111	324	111	126	165	A	L	0
2009	149	46	23	21	92	M	N	1
2010	42	25	13	9	55	M	N	1
2012	192	73	19	16	92	M	N	1
2008	44	41	2	0		A	N	0
2007	10	68	25	6	140	A	N	1
2012	147	23	10	5	436	A	N	1
2011	199	1	0	0	62	M	N	0
2010	11	16	6	3	71	M	N	1
2009	190	27	23	22	59	M	N	1
2010	195	44	7	7	427	A	N	0
2012	132	49	25	19	24	M	N	1
2012	205	8	3	4	73	M	N	1
2011	177	4	1	1	88	M	N	0
2008	207	23	11	0		M	L	0
2012	198	6	3	0		M	L	0
2007	93	172	18	15	138	A	N	0
2011	136	19	11	7	75	M	N	1
2010	153	34	9	4	80	M	E	0
2010	112	2	0	0	75	M	N	0
2010	110	35	20	13	56	M	L	1
2009	72	34	18	15	74	M	N	1
2010	9	1	1	0		M	N	0
2012	46	6	4	4	81	M	N	1
2008	200	60	5	4	216	A	N	0
2008	153	50	32	24	80	M	E	1
2010	200	48	3	5	306	A	N	0
2010	106	21	9	6	431	A	N	1
2009	198	1	1	1	93	M	N	0
2011	132	577	206	239	291	A	L	0
2008	133	715	319	266	367	A	N	1
2012	164	107	30	0		A	L	1
2010	34	7	1	0		A	N	0
2011	149	7	1	1	96	M	N	0
2012	200	599	159	148	370	A	N	1
2007	158	449	135	189	87	A	N	1
2012	40	169	50	28	37	M	N	1
2012	165	22	7	3	84	M	N	1
2012	47	7	1	1	92	M	N	0
2011	212	3	0	0		M	N	0
2009	97	8	2	3	356	A	N	0
2009	193	9	7	5	67	M	N	1
2012	197	20	7	4	63	M	N	1
2010	208	61	35	15	42	M	N	1
2009	33	136	39	67	175	A	E	0
2010	73	53	26	20	45	M	N	1
2011	63	7	0	1	386	A	N	0
2011	47	42	35	17	70	M	N	1
2008	185	1242	407	198	427	A	N	1
2012	59	3	0	0	58	M	L	0
2012	170	58	3	2	62	M	N	0
2010	132	616	338	107	390	A	L	1
2010	133	34	3	2	85	M	N	0
2009	164	16	6	0		M	L	0
2007	40	556	153	29	144	A	N	1
2010	158	58	14	15	206	A	E	0
2011	75	1	0	0		M	N	0
2010	131	4	0	0	56	M	L	0
2010	209	2	1	0		M	N	0
2012	51	80	29	23	49	M	L	1
2008	55	112	17	7	82	M	E	0
2011	168	28	1	0		A	N	0
2011	199	13	4	4	62	M	N	1
2011	118	7	1	2	392	A	N	0
2010	71	3	3	3	65	M	N	1
2011	142	8	1	3	344	A	N	0
2009	109	514	136	63	419	A	N	1
2010	180	36	10	10	410	A	N	1
2009	153	11	7	2	90	M	N	1
2009	60	2	0	0		M	N	0
2010	14	3	0	0	58	M	N	0
2008	55	27	20	16	50	M	N	1
2009	51	449	151	56	423	A	N	1
2011	202	3	0	0	86	M	L	1
2008	164	70	0	1	319	A	N	0
2012	10	23	7	2	438	A	N	1
2009	76	48	8	13	384	A	N	1
2011	87	3	0	0	83	M	N	1
2010	196	226	117	119	47	M	N	1
2010	37	10	2	0	48	M	L	0
2011	91	78	10	9	348	A	N	0
2008	158	43	10	10	208	A	E	0
2012	3	1	1	1	72	M	L	0
2012	44	146	52	28	419	A	N	1
2012	93	162	12	14	412	A	N	0
2007	134	130	12	22	112	A	N	0
2012	57	345	16	88	302	A	N	0
2007	10	28	1	6	127	A	N	0
2007	158	49	7	10	80	A	E	0
2011	65	60	45	35	92	M	N	1
2012	97	15	0	4	346	A	N	0
2011	115	73	4	5	364	A	N	0
2009	1	3	0	0		M	N	0
2009	125	1	0	0		A	N	1
2012	67	34	11	8	79	M	N	1
2012	18	167	58	26	438	A	N	1
2012	88	50	0	4	362	A	N	0
2011	59	39	16	10	49	M	N	1
2011	59	7	1	0	49	M	N	0
2011	191	1	1	1	73	M	N	0
2009	97	54	20	10	380	A	N	1
2010	201	481	109	44	392	A	N	1
2010	109	39	5	0		M	L	0
2011	157	3	1	0	14	M	N	1
2009	59	18	12	12	73	M	N	1
2009	183	188	10	12	386	A	N	0
2012	185	716	224	87	422	A	N	1
2012	199	32	6	3	57	M	N	1
2009	56	1	1	0		M	N	1
2010	60	71	21	16	90	M	N	1
2011	110	20	11	7	68	M	L	1
2010	9	2	0	0		M	N	1
2010	50	31	3	4	50	M	N	0
2012	111	224	82	72	240	A	L	0
2010	9	1	1	0		M	N	0
2010	60	46	28	17	90	M	L	1
2007	214	325	39	45	124	A	N	0
2008	88	64	12	20	378	A	N	1
2011	25	18	1	2	416	A	N	0
2012	52	21	10	8	82	M	N	1
2011	146	1	0	0	79	M	N	0
2012	189	8	0	0		A	N	0
2011	90	6	0	1	332	A	N	0
2011	181	3	0	0		M	N	1
2012	77	2	1	1	54	M	N	1
2011	194	1	1	0	1	M	N	1
2008	91	459	139	166	260	A	N	1
2011	10	23	4	8	329	A	N	0
2009	186	33	18	16	65	M	L	1
2012	179	3	1	1	68	M	N	1
2012	45	177	90	15	401	A	L	1
2011	185	747	247	198	401	A	N	1
2011	206	68	33	19	57	M	N	1
2012	184	5	5	3	56	M	N	0
2009	155	62	3	2	375	A	N	0
2011	18	34	8	4	434	A	N	0
2011	116	35	20	16	57	M	L	1
2008	164	287	95	109	308	A	N	1
2009	97	12	6	0		A	E	0
2009	56	1	0	0		M	N	0
2011	96	18	7	4	77	M	N	0
2010	164	40	7	0		A	L	0
2012	173	7	1	1	86	M	N	0
2012	55	21	0	0		M	N	0
2012	49	11	1	1	85	M	N	0
2011	26	12	9	6	47	M	N	1
2011	76	8	1	1	376	A	N	0
2012	152	2	1	1	86	M	N	1
2009	167	63	36	26	90	M	N	1
2007	106	15	2	7	111	A	N	0
2010	106	9	0	3	376	A	N	0
2009	197	7	1	1	91	M	N	1
2008	113	87	1	2	227	A	N	0
2012	64	2	1	2	289	A	N	0
2010	173	16	15	11	68	M	N	1
2011	43	3	1	0	74	M	N	1
2011	89	2	1	1	75	M	N	1
2012	138	2	0	0	83	M	N	0
2010	198	67	4	18	342	A	N	0
2012	176	7	4	3	60	M	N	0
2009	148	123	41	45	350	A	N	1
2010	114	2	0	1	50	M	N	0
2012	182	60	22	13	92	M	N	1
2010	130	57	1	1	91	M	N	0
2011	94	829	196	84	413	A	N	1
2007	153	1429	598	526	107	A	N	1
2012	210	47	10	7	49	M	L	0
2009	68	1	1	0		M	N	0
2011	195	61	9	3	416	A	N	0
2012	193	21	14	6	54	M	N	1
2010	165	1	1	0		M	N	0
2011	17	40	22	7	70	M	L	1
2007	5	73	9	22	115	A	N	0
2012	29	3	0	0		M	N	0
2010	205	19	14	11	78	M	N	1
2010	206	77	32	12	52	M	N	1
2007	33	156	72	17	109	A	E	1
2012	25	124	51	23	433	A	N	1
2007	51	555	160	45	133	A	N	1
2010	74	51	7	13	348	A	N	0
2009	46	5	2	2	78	M	N	1
2012	90	1	0	0		A	N	0
2012	97	66	35	8	398	A	N	1
2011	179	8	2	0	12	M	L	0
2011	10	29	11	2	428	A	N	1
2007	164	84	40	29	112	A	E	1
2008	132	729	244	407	281	A	L	0
2010	57	934	299	173	405	A	N	1
2007	118	27	8	9	130	A	N	1
2011	156	54	5	1	420	A	N	0
2012	164	133	8	40	280	A	N	0
2010	127	63	21	17	336	A	N	1
2011	17	19	4	3	70	M	L	0
2010	174	4	1	0		M	L	0
2009	113	50	1	1	281	A	N	0
2010	92	1	0	0		M	N	0
2011	37	14	6	3	69	M	L	1
2011	149	61	20	18	90	M	N	1
2010	168	30	1	0		A	N	0
2009	133	25	5	2	75	M	N	0
2012	172	36	26	14	46	M	N	1
2009	203	1	0	0		M	N	0
2009	173	13	9	8	73	M	N	1
2009	11	5	2	1	79	M	N	1
2011	153	181	90	97	202	A	E	0
2007	111	435	157	167	81	A	L	0
2009	207	3	1	1	76	M	N	0
2009	64	11	4	5	356	A	N	1
2010	213	8	6	4	48	M	L	1
2011	147	34	16	7	426	A	N	1
2010	7	3	1	1	45	M	L	0
2011	51	258	54	57	310	A	L	0
2007	115	120	10	3	127	A	N	0
2010	210	77	26	18	60	M	L	0
2010	51	415	216	49	401	A	L	1
2008	97	9	5	0		A	E	0
2012	138	8	5	3	83	M	N	1
2007	98	17	2	1	144	A	N	0
2009	74	58	9	19	377	A	N	0
2010	57	137	77	68	60	M	N	1
2009	164	41	1	1	408	A	N	0
2009	138	2	2	2	82	M	N	0
2011	144	35	4	4	408	A	N	0
2009	65	16	2	1	91	M	N	0
2012	80	90	43	26	419	A	N	1
2008	164	68	21	25	270	A	E	1
2010	164	11	1	1	95	M	L	0
2010	55	94	54	36	45	M	N	1
2011	77	2	2	2	81	M	N	1
2012	75	4	2	2	80	M	N	1
2010	123	285	29	33	320	A	N	0
2009	168	2	2	2	90	M	N	1
2008	164	1	1	1	75	M	L	0
2011	74	95	33	9	428	A	N	1
2009	10	25	2	9	204	A	N	0
2010	132	117	12	3	45	M	L	0
2010	210	10	3	2	41	M	N	1
2009	209	2	2	2	85	M	N	1
2011	114	1	0	0	1	M	N	0
2012	109	86	26	17	92	M	N	1
2009	149	9	0	0		M	N	0
2009	93	294	155	39	440	A	N	1
2012	55	106	52	37	46	M	N	1
2009	44	163	66	68	349	A	N	1
2012	145	3	0	0		M	N	0
2011	153	4	0	0		M	N	0
2012	70	3	2	1	84	M	N	1
2012	177	3	1	0		M	N	0
2010	153	4	1	0		M	N	0
2010	143	1	0	0	59	M	N	1
2012	181	3	1	0	76	M	N	1
2010	70	7	3	1	85	M	N	1
2011	51	111	7	2	407	A	N	0
2009	120	36	8	14	350	A	N	1
2008	19	12	2	0		M	N	0
2012	157	2	2	1	50	M	N	1
2011	138	10	6	5	78	M	N	1
2008	111	47	47	44	165	A	L	0
2007	185	1141	431	161	135	A	N	1
2011	147	22	4	9	332	A	N	0
2009	144	114	34	10	435	A	N	1
2012	7	4	0	0	44	M	L	0
2009	14	18	11	6	31	M	N	1
2010	4	12	0	0		M	N	0
2012	186	64	41	31	46	M	N	1
2012	203	2	1	1	88	M	N	1
2012	163	1	1	0		M	N	1
2010	132	45	25	17	48	M	N	1
2012	146	23	16	14	50	M	N	1
2010	176	5	3	3	67	M	N	0
2010	113	583	119	147	302	A	N	1
2011	99	7	0	0		A	N	0
2010	208	22	0	0		M	N	0
2009	137	312	160	178	160	A	L	0
2010	82	121	75	59	59	M	N	1
2009	70	2	0	0		M	N	0
2011	214	44	44	42	347	A	N	0
2009	185	1013	379	190	429	A	N	1
2010	41	158	100	75	70	M	N	1
2011	142	28	4	3	379	A	N	1
2012	64	2	1	0		A	N	1
2010	179	12	3	0	58	M	N	1
2012	12	2	0	0		M	N	1
2012	59	40	19	12	58	M	N	1
2010	153	25	17	10	84	M	N	1
2011	205	3	0	1	48	M	N	0
2009	205	2	0	0		M	N	0
2010	153	180	92	104	209	A	E	0
2011	196	257	115	102	75	M	N	1
2010	171	2	1	0		M	N	1
2010	143	1	0	0	59	M	L	1
2007	44	34	1	3	102	A	N	0
2011	171	22	15	15	72	M	N	1
2012	142	6	0	3	316	A	N	0
2007	198	49	3	19	92	A	N	0
2010	197	1	1	1	74	M	N	0
2011	168	2	1	0		M	N	0
2012	134	596	229	156	360	A	N	1
2008	115	93	2	3	319	A	N	0
2011	179	4	1	1	64	M	N	0
2009	71	1	0	0		M	N	0
2008	144	19	2	1	355	A	N	0
2011	180	5	0	1	304	A	N	0
2012	69	11	0	0		M	N	0
2012	179	1	0	0	68	M	N	0
2008	185	535	32	28	419	A	N	0
2010	119	13	8	4	68	M	N	1
2007	125	2	0	0		A	N	1
2009	51	57	31	24	62	M	N	1
2009	187	4	4	3	26	M	N	0
2012	130	696	25	135	380	A	N	0
2012	210	9	0	0	49	M	N	0
2009	66	1	1	0		M	N	1
2010	191	1	1	1	73	M	N	1
2011	85	1	0	0	80	M	N	0
2010	118	27	10	7	379	A	N	1
2010	153	134	97	67	80	M	N	1
2011	84	18	0	0		A	N	0
2010	49	46	34	21	80	M	N	1
2010	178	2	1	1	84	M	N	0
2012	92	2	1	1	79	M	N	1
2009	198	49	1	5	332	A	N	0
2012	17	14	0	0	49	M	L	0
2010	31	12	5	5	59	M	L	0
2011	113	593	115	150	302	A	N	1
2010	126	61	34	13	73	M	N	1
2007	39	173	19	10	125	A	N	0
2012	195	115	11	7	430	A	N	0
2009	130	552	129	107	435	A	N	1
2009	185	346	33	24	426	A	N	0
2011	31	4	1	1	60	M	N	1
2012	133	38	3	3	55	M	N	0
2012	85	4	2	2	72	M	N	1
2009	172	5	0	0		M	N	0
2011	121	11	7	6	82	M	N	1
2009	63	42	11	8	389	A	N	1
2011	51	24	0	1	87	M	L	0
2012	133	1113	427	181	422	A	N	1
2009	189	1	0	0		A	N	0
2012	197	5	1	1	92	M	N	0
2012	68	10	0	1	85	M	N	0
2011	207	5	2	0		M	N	1
2007	168	129	41	16	129	A	N	1
2009	63	7	1	1	393	A	N	0
2010	174	14	10	7	60	M	N	1
2010	175	28	6	5	54	M	N	0
2011	159	107	7	14	306	A	N	0
2007	200	413	93	151	103	A	N	1
2012	206	105	41	19	47	M	N	1
2011	140	8	3	4	91	M	N	0
2010	11	4	1	0		M	N	0
2010	116	1	1	0	46	M	N	0
2009	17	24	0	0		M	N	0
2011	45	88	8	3	322	A	N	0
2012	117	2	0	0	69	M	N	0
2008	120	28	13	14	316	A	N	1
2012	155	299	111	59	419	A	N	1
2009	138	2	2	1	78	M	N	1
2011	90	17	3	1	379	A	N	1
2010	165	28	19	14	68	M	N	1
2007	185	472	46	53	129	A	N	0
2009	140	8	3	2	97	M	N	0
2012	77	5	2	2	54	M	N	0
2012	147	16	5	9	286	A	N	0
2010	23	52	5	5	374	A	N	0
2011	14	9	5	1	32	M	L	1
2008	132	650	385	70	401	A	L	1
2007	180	27	6	10	124	A	N	1
2011	158	96	21	28	233	A	E	0
2009	153	59	59	53	191	A	E	0
2012	164	47	20	12	95	M	N	1
2010	86	2	1	2	79	M	N	1
2011	61	28	6	11	312	A	N	0
2011	64	17	4	2	379	A	N	1
2009	132	163	143	83	55	M	L	1
2007	83	1152	673	418	132	O	N	1
2011	4	10	0	2	65	M	N	0
2010	167	13	3	2	95	M	N	0
2009	88	17	0	0		A	N	0
2010	108	2	1	0		A	N	1
2009	104	8	1	0		A	N	0
2009	29	2	0	0		M	N	0
2009	79	6	1	0		M	L	0
2010	50	122	86	46	51	M	N	1
2011	208	27	4	11	40	M	N	0
2012	3	1	0	0		M	N	0
2010	203	6	4	2	74	M	N	1
2010	26	11	7	7	24	M	N	1
2011	110	1	1	1	74	M	N	0
2012	207	3	0	0	61	M	N	0
2012	51	24	0	0		M	L	0
2008	172	3	1	1	77	M	N	0
2008	204	1	0	0		M	N	0
2012	157	2	1	0	50	M	N	0
2010	140	47	35	27	92	M	E	0
2012	165	6	3	0		M	L	0
2008	84	50	14	19	341	A	N	1
2008	113	442	73	131	200	A	N	1
2010	151	17	9	7	379	A	N	1
2010	102	16	9	7	46	M	L	1
2012	65	17	1	1	90	M	N	0
2007	155	254	117	115	121	A	N	1
2011	211	13	0	1	61	M	N	0
2011	16	5	1	2	367	A	N	1
2012	31	2	0	0		M	N	0
2009	153	2	0	0		M	N	0
2008	131	77	61	32	64	M	L	0
2011	20	3	0	0	71	M	N	1
2011	174	5	2	0		M	L	0
2012	1	13	8	5	85	M	N	1
2009	81	7	7	6	81	M	N	1
2011	184	10	8	6	51	M	N	0
2012	158	129	53	6	398	A	L	1
2012	51	23	0	0		M	N	0
2009	150	2	1	1	66	M	N	1
2012	19	111	9	19	49	M	N	0
2008	109	424	79	72	399	A	N	1
2008	83	1268	687	402	404	O	N	1
2010	154	38	31	26	60	M	N	1
2010	133	945	412	270	399	A	N	1
2008	183	225	9	6	375	A	N	0
2008	93	192	8	25	434	A	N	0
2012	201	67	5	13	308	A	L	0
2012	156	107	10	5	418	A	N	0
2009	40	236	105	46	59	M	N	1
2012	116	1	0	1	44	M	N	1
2010	164	28	8	0		M	N	1
2011	193	29	21	11	72	M	N	1
2010	140	12	1	0		M	N	0
2011	186	4	1	1	76	M	L	0
2010	20	8	3	3	41	M	L	0
2011	121	5	1	1	80	M	N	0
2012	201	198	5	19	366	A	N	0
2011	110	23	9	4	68	M	L	0
2009	85	1	0	0		M	N	0
2007	214	591	145	49	131	A	N	1
2009	14	29	5	5	48	M	L	0
2009	82	10	1	1	80	M	N	0
2012	171	27	13	11	80	M	N	1
2012	93	290	109	37	438	A	N	1
2011	94	186	3	66	302	A	N	0
2012	11	6	1	0		M	N	0
2010	19	272	179	67	38	M	N	1
2008	58	10	0	3	316	A	N	0
2010	64	18	2	0		A	N	1
2011	40	237	83	18	81	M	N	1
2009	47	7	0	0		M	N	0
2011	36	1	1	1	97	M	N	0
2010	14	2	0	0	50	M	L	0
2010	115	580	195	139	363	A	N	1
2012	45	133	22	50	246	A	L	0
2010	195	245	86	33	439	A	N	1
2010	172	47	44	20	42	M	N	1
2009	144	39	2	5	391	A	N	0
2010	167	83	40	32	90	M	N	1
2011	203	6	6	4	77	M	N	1
2010	110	4	1	1	68	M	N	1
2010	61	25	3	10	311	A	N	0
2012	5	59	19	3	438	A	N	1
2011	208	78	49	10	73	M	N	1
2008	74	89	25	14	424	A	N	1
2009	35	5	2	1	76	M	N	1
2011	196	1253	610	185	439	A	N	1
2012	159	239	13	26	364	A	N	0
2012	112	1	0	0		M	L	1
2007	147	117	32	15	138	A	N	1
2009	8	3	0	0		M	N	1
2012	54	4	2	1	89	M	N	0
2009	130	136	9	44	314	A	N	0
2012	178	4	0	0		M	N	0
2010	65	21	2	1	92	M	N	0
2011	198	54	27	8	81	M	L	1
2011	157	3	1	1	87	M	N	0
2012	130	1111	250	43	463	A	N	1
2011	176	5	2	0	70	M	N	0
2008	107	2	0	0		M	N	1
2007	93	403	163	22	142	A	N	1
2011	86	63	18	14	62	M	L	0
2010	134	77	10	6	364	A	N	0
2012	99	5	0	0		A	N	0
2009	40	593	198	31	451	A	N	1
2012	174	3	0	0		M	N	0
2010	202	4	1	0		M	L	0
2012	160	2	0	0	56	M	N	0
2008	93	402	169	15	459	A	N	1
2012	40	59	3	2	40	M	N	0
2011	55	35	3	5	60	M	E	0
2011	21	64	19	16	90	M	N	1
2012	86	2	1	1	70	M	N	1
2011	198	2	2	2	81	M	L	0
2012	20	13	6	6	42	M	L	1
2009	17	80	48	33	65	M	L	1
2009	78	552	110	64	421	A	N	1
2011	6	3	2	1	88	M	N	1
2010	45	204	16	86	269	A	L	0
2010	189	36	6	8	280	A	N	1
2012	122	16	4	3	77	M	N	1
2010	1	4	1	1	81	M	N	0
2010	97	12	1	3	349	A	N	0
2009	79	12	4	0		M	L	1
2010	40	256	72	45	36	M	N	1
2011	88	14	1	0		A	N	0
2010	102	12	2	1	46	M	L	0
2012	47	39	22	12	74	M	N	1
2010	198	15	0	0		M	N	0
2011	63	32	9	10	387	A	N	1
2011	71	5	3	2	83	M	N	1
2011	119	12	5	2	83	M	N	0
2011	8	5	5	3	36	M	N	1
2009	143	25	12	8	73	M	L	1
2012	174	7	6	6	80	M	N	1
2011	153	36	6	5	70	M	N	0
2012	58	10	0	3	354	A	N	0
2010	139	2	0	0		M	N	0
2010	89	1	1	0		M	N	1
2011	19	310	205	7	74	M	N	1
2009	153	18	1	1	86	M	N	0
2009	35	4	0	0		M	N	0
2010	51	67	5	1	435	A	N	0
2009	85	3	1	1	80	M	N	1
2009	4	9	0	0		M	N	0
2011	180	22	8	8	377	A	N	1
2011	7	13	0	0	51	M	N	0
2008	118	23	4	9	349	A	N	1
2011	30	4	1	0	30	M	N	1
2010	134	597	245	156	360	A	N	1
2009	214	549	139	68	426	A	N	1
2010	211	22	2	0		M	N	0
2011	153	1	0	0		M	E	0
2011	134	530	229	158	348	A	N	1
2011	118	38	9	8	387	A	N	1
2009	143	15	1	3	63	M	L	0
2012	61	23	3	5	314	A	N	0
2010	17	13	1	0	55	M	L	0
2011	72	5	0	0		M	N	0
2011	190	6	1	0		M	N	0
2009	53	12	0	0		M	N	0
2011	214	163	11	52	340	A	N	0
2009	81	1	0	0		M	N	0
2012	133	591	29	100	371	A	N	0
2012	92	1	1	1	73	M	N	0
2011	37	4	1	0	1	M	N	0
2009	158	56	9	12	176	A	E	0
2011	198	13	5	3	65	M	L	0
2012	110	2	2	2	46	M	N	0
2012	50	101	54	17	65	M	N	1
2009	16	3	1	1	430	A	N	0
2011	186	51	33	21	60	M	N	1
2008	13	11	3	2	401	A	N	1
2012	172	9	2	1	46	M	N	0
2010	183	175	10	22	385	A	N	0
2011	44	44	0	9	308	A	N	0
2012	83	1014	86	398	350	O	N	0
2007	18	56	9	2	138	A	N	0
2011	38	6	4	1	75	M	N	1
2007	132	470	273	70	121	A	L	1
2009	18	70	11	4	431	A	N	0
2009	171	14	10	8	68	M	N	1
2012	162	18	1	0		M	N	0
2009	50	71	55	34	37	M	N	1
2012	110	17	11	7	49	M	L	1
2012	35	6	5	3	82	M	N	1
2008	134	110	6	3	300	A	N	0
2011	158	110	51	13	382	A	E	1
2011	140	58	34	26	92	M	N	1
2008	25	20	0	0		A	N	0
2009	198	25	17	10	66	M	N	1
2008	33	129	64	28	318	A	E	1
2008	148	33	1	2	239	A	N	0
2012	209	4	2	2	90	M	N	0
2010	90	6	0	1	312	A	N	0
2010	206	14	1	0		M	N	0
2010	162	54	45	32	58	M	N	1
2011	151	29	9	6	388	A	N	1
2010	164	27	15	15	90	M	L	1
2010	121	3	3	2	88	M	N	0
2011	93	284	140	30	429	A	N	1
2009	142	28	5	5	367	A	N	1
2011	39	1142	330	280	364	A	N	1
2012	41	34	1	1	88	M	N	0
2012	137	146	67	56	242	A	L	0
2010	43	47	33	21	31	M	L	1
2008	76	16	1	3	358	A	N	0
2012	83	807	351	267	310	O	L	0
2010	68	3	0	0		M	N	0
2012	33	894	371	133	345	A	N	1
2009	174	7	2	0		M	L	1
2010	196	414	42	33	437	A	N	0
2010	94	110	4	35	300	A	N	0
2008	156	284	109	27	434	A	N	1
2012	65	58	37	18	92	M	N	1
2011	114	15	5	3	74	M	L	1
2009	133	248	7	6	392	A	N	0
2010	24	1	0	0		M	N	0
2011	178	6	4	3	35	M	N	1
2010	39	1119	331	278	368	A	N	1
2008	164	46	19	18	75	M	L	0
2011	17	95	60	38	46	M	N	1
2007	189	6	0	0		A	N	0
2009	99	17	0	2	359	A	N	0
2010	74	85	25	16	425	A	N	1
2011	5	101	35	9	428	A	N	1
2012	31	18	7	6	40	M	L	1
2008	129	48	10	14	164	A	E	0
2011	49	41	35	21	80	M	N	1
2012	43	34	22	18	46	M	L	1
2012	161	13	3	1	438	A	N	1
2012	214	325	72	36	435	A	N	1
2010	7	11	0	0	46	M	N	0
2010	55	135	79	41	71	M	E	1
2010	25	113	51	20	436	A	N	1
2012	116	11	7	6	44	M	L	1
2008	153	41	3	1	90	M	E	0
2009	9	6	0	0		M	N	1
2009	55	16	0	0		M	N	0
2011	91	665	262	241	323	A	N	1
2012	80	55	3	13	350	A	N	0
2007	91	551	183	232	81	A	N	1
2010	142	23	8	4	391	A	N	1
2007	83	510	29	24	129	O	N	0
2010	160	14	10	5	67	M	N	1
2012	24	4	0	0		M	N	0
2010	168	21	14	11	48	M	N	1
2011	132	125	11	52	262	A	N	0
2007	39	952	308	257	127	A	N	1
2012	179	19	16	9	50	M	L	1
2010	59	6	4	1	48	M	L	1
2008	120	10	0	0		A	N	0
2009	130	77	77	52	372	A	N	0
2008	44	142	52	71	288	A	N	1
2010	31	22	14	10	59	M	L	1
2008	10	23	1	5	362	A	N	0
2009	153	23	2	1	86	M	E	0
2010	120	18	0	3	300	A	N	0
2010	145	3	0	0		M	N	0
2010	32	3	0	0		M	N	0
2009	106	24	5	4	431	A	N	1
2011	97	89	33	10	398	A	N	1
2008	155	252	73	86	320	A	N	1
2012	109	468	119	34	439	A	N	1
2010	43	3	1	0	42	M	N	0
2008	131	3	3	0		M	N	1
2012	76	15	0	5	392	A	N	0
2011	1	13	4	3	84	M	N	1
2009	74	107	38	11	435	A	N	1
2011	23	57	8	9	295	A	N	0
2009	7	18	1	0		M	N	0
2012	117	8	5	2	69	M	N	1
2012	113	124	7	36	241	A	N	0
2007	195	51	6	15	115	A	N	0
2012	81	12	9	9	87	M	N	1
2010	139	6	3	4	67	M	N	1
2011	56	1	1	1	82	M	N	1
2010	148	26	2	7	302	A	N	0
2009	134	71	3	1	345	A	N	0
2011	196	378	34	22	430	A	N	0
2011	45	389	129	57	321	A	N	1
2010	17	33	11	5	55	M	L	1
2012	132	898	353	136	399	A	N	1
2009	153	90	66	42	80	M	N	1
2012	112	2	1	0		M	L	0
2011	101	2	0	0	1	M	N	1
2012	151	12	2	0		A	N	1
2012	86	39	23	22	64	M	L	1
2011	23	458	150	145	301	A	N	1
2009	46	2	1	1	86	M	N	0
2009	186	10	0	0		M	N	0
2012	8	2	0	0	72	M	N	0
2011	138	1	1	0	78	M	N	0
2009	191	3	0	0		M	N	0
2012	168	24	4	2	85	M	N	1
2010	62	2	2	0	41	M	L	1
2012	18	96	6	9	422	A	N	0
2012	126	18	1	1	65	M	N	0
2009	131	64	22	15	69	M	L	0
2008	196	1747	776	131	456	A	N	1
2009	95	2	2	2	89	M	N	1
2011	188	4	2	2	88	M	N	0
2012	213	6	2	2	79	M	L	0
2009	206	6	0	0		M	N	0
2010	109	158	16	52	306	A	N	0
2011	195	167	68	36	419	A	N	1
2011	117	3	1	1	63	M	L	0
2009	33	183	94	20	360	A	E	1
2011	172	49	36	13	54	M	N	1
2010	37	1	1	1	45	M	N	1
2009	55	63	36	26	53	M	N	1
2009	145	11	7	5	65	M	N	1
2012	63	8	0	0		A	N	0
2011	13	17	3	3	356	A	N	0
2009	140	28	20	13	85	M	N	1
2011	24	15	9	7	75	M	N	1
2007	189	17	5	7	84	A	N	1
2011	21	13	12	10	92	M	L	0
2009	153	294	33	25	320	A	N	0
2010	43	5	1	1	42	M	N	1
2011	153	19	6	5	80	M	E	1
2010	60	108	44	0		M	L	1
2011	77	1	0	0	1	M	N	0
2012	103	112	9	41	280	A	N	0
2011	111	53	53	49	201	A	L	0
2011	169	3	2	0	79	M	N	0
2011	21	6	0	1	95	M	N	0
2009	198	308	80	66	356	A	N	1
2009	112	2	0	0		M	N	1
2011	53	15	2	2	70	M	N	0
2012	115	151	4	12	334	A	N	0
2010	153	16	6	5	80	M	E	1
2012	196	713	47	50	430	A	N	0
2012	83	1226	708	55	467	O	N	1
2012	61	27	9	4	438	A	N	1
2012	38	1	0	0		M	N	0
2008	168	134	34	20	403	A	N	1
2011	51	340	157	69	378	A	L	1
2011	132	84	17	9	50	M	L	0
2011	11	4	2	2	61	M	N	0
2009	196	1464	722	133	453	A	N	1
2012	94	241	12	52	300	A	N	0
2009	202	8	1	0		M	N	1
2012	212	4	2	1	61	M	N	1
2009	73	4	0	0		M	N	0
2012	58	11	5	1	435	A	N	1
2011	144	91	35	11	428	A	N	1
2010	179	4	0	0	58	M	N	0
2011	81	4	1	0		M	N	0
2012	141	65	29	18	59	M	N	1
2011	12	3	3	3	90	M	N	1
2011	113	57	0	1	344	A	N	0
2010	124	2	0	0	73	M	N	1
2009	47	21	20	20	75	M	N	1
2009	57	204	13	18	382	A	N	0
2009	132	658	302	125	405	A	N	1
2010	58	13	1	3	393	A	N	0
2011	37	20	7	3	69	M	L	0
2011	158	126	5	28	242	A	N	0
2009	172	63	35	28	23	M	L	1
2011	7	4	1	0	44	M	L	0
2011	120	17	0	1	368	A	N	0
2011	41	36	4	2	78	M	N	0
2010	68	80	36	23	68	M	N	1
2011	71	1	1	1	72	M	N	0
2009	59	11	1	1	75	M	N	0
2010	33	100	4	22	204	A	N	0
2010	184	11	5	3	67	M	N	1
2012	1	6	1	0		M	N	0
2010	131	5	3	3	79	M	N	1
2008	153	24	5	4	89	M	N	0
2012	71	3	0	0		M	N	0
2009	176	1	0	0		M	N	0
2008	109	100	65	21	75	M	L	0
2011	170	28	6	4	22	M	N	0
2010	138	2	1	0	67	M	N	1
2012	118	17	5	1	401	A	N	1
2011	117	2	0	0	51	M	N	0
2009	109	83	40	26	80	M	N	1
2011	172	5	0	0	31	M	N	0
2010	57	218	10	16	387	A	N	0
2010	211	113	37	29	58	M	N	1
2008	153	384	38	56	240	A	N	0
2010	10	38	2	5	352	A	N	0
2008	180	22	2	6	347	A	N	1
2008	207	1	0	0		M	N	1
2010	45	420	328	31	390	A	L	1
2012	194	2	1	1	54	M	N	0
2012	22	3	2	3	75	M	N	1
2009	71	7	6	4	78	M	N	1
2010	91	78	12	11	342	A	N	0
2009	118	6	1	1	408	A	N	0
2012	190	8	1	0		M	N	0
2011	179	5	2	1	64	M	N	1
2012	129	488	108	45	394	A	N	1
2012	51	434	115	17	429	A	N	1
2010	118	5	1	1	338	A	N	0
2007	129	88	18	20	82	A	E	0
2007	98	65	14	19	120	A	N	1
2012	81	7	1	1	87	M	N	0
2009	50	42	8	6	34	M	N	0
2011	156	175	68	29	420	A	N	1
2009	169	7	3	3	83	M	N	1
2009	141	37	21	17	64	M	N	1
2012	131	3	2	1	64	M	L	0
2012	72	23	9	8	80	M	N	1
2007	106	35	12	1	144	A	N	1
2011	183	166	16	59	310	A	N	0
2012	10	22	2	8	328	A	N	0
2010	76	15	0	1	396	A	N	0
2007	164	350	100	136	113	A	N	1
2009	13	8	0	4	356	A	N	0
2010	32	24	19	10	78	M	N	1
2010	57	12	12	8	75	M	N	1
2012	167	92	38	28	92	M	N	1
2011	1	5	2	0		M	N	0
2009	129	46	9	0		A	E	0
2010	67	29	8	6	70	M	N	1
2012	90	4	0	0		A	N	1
2010	159	265	78	46	433	A	N	1
2012	132	182	133	106	25	M	L	1
2011	4	49	22	16	75	M	N	1
2010	165	7	2	1	62	M	N	0
2008	214	186	12	50	286	A	N	0
2010	16	1	0	0		A	N	0
2010	26	3	1	0	24	M	N	0
2011	7	21	11	8	44	M	L	1
2011	137	236	119	106	200	A	L	0
2011	130	857	215	136	437	A	N	1
2010	7	16	7	6	45	M	L	1
2007	151	15	4	2	127	A	N	1
2011	135	1	1	1	89	M	N	0
2010	103	61	7	14	320	A	N	0
2011	12	4	2	0		M	N	0
2010	51	258	35	101	250	A	L	0
2009	83	1902	991	399	426	O	N	1
2009	160	3	2	2	48	M	N	0
2009	33	97	2	1	259	A	N	0
2010	45	49	1	19	206	A	N	0
2007	33	412	138	112	102	A	N	1
2009	200	360	98	144	265	A	N	1
2010	160	1	0	0	67	M	N	0
2010	30	1	0	0	24	M	N	1
2007	33	99	4	0		A	N	0
2010	164	115	32	26	90	M	L	1
2012	188	14	7	3	48	M	N	1
2011	103	81	10	8	360	A	N	0
2010	1	15	11	8	82	M	N	1
2009	153	1546	616	513	320	A	N	1
2010	198	17	1	0		M	L	0
2010	180	9	2	0		A	N	0
2011	96	53	21	10	67	M	N	1
2010	147	38	4	12	313	A	N	0
2009	154	18	14	12	71	M	N	1
2011	57	216	22	27	382	A	N	0
2009	152	2	1	1	65	M	N	1
2012	201	109	44	16	377	A	L	1
2010	130	274	67	36	90	M	N	1
2010	132	243	198	99	45	M	L	1
2011	164	35	4	0		A	L	0
2007	78	179	7	59	90	A	N	0
2009	164	131	56	0		A	E	1
2009	165	11	6	3	78	M	N	0
2010	83	1694	943	343	426	O	N	1
2010	213	7	2	1	48	M	L	0
2008	13	7	1	2	367	A	N	0
2009	122	19	8	7	50	M	N	1
2011	198	7	0	4	52	M	N	0
2011	155	306	122	70	397	A	N	1
2010	168	129	47	21	392	A	N	1
2010	75	6	4	2	55	M	N	1
2010	97	78	24	8	401	A	N	1
2012	73	10	0	0		M	N	0
2010	133	147	67	55	43	M	N	1
2011	165	26	11	7	82	M	N	1
2009	160	6	2	3	58	M	N	1
2011	103	291	64	39	393	A	N	1
2012	207	23	6	4	61	M	N	1
2009	106	11	1	1	424	A	N	0
2011	210	9	6	5	50	M	N	1
2008	103	224	45	52	358	A	N	1
2010	186	4	0	1	56	M	L	0
2012	114	6	0	0	58	M	L	0
2008	153	1175	479	444	290	A	N	1
2010	185	878	289	191	414	A	N	1
2009	29	3	3	3	90	M	N	1
2009	181	1	0	0		M	N	1
2012	7	101	60	43	44	M	N	1
2012	153	160	116	68	80	M	N	1
2009	204	10	1	0		M	N	1
2009	115	565	213	148	350	A	N	1
2012	57	152	74	57	65	M	N	1
2012	196	186	8	7	77	M	N	0
2011	198	242	70	62	368	A	N	1
2010	33	259	142	23	389	A	E	1
2008	80	38	1	1	370	A	N	0
2008	134	458	187	166	301	A	N	1
2007	84	86	17	18	122	A	N	1
2011	67	43	17	8	78	M	N	1
2012	132	439	232	49	401	A	L	1
2010	13	14	0	4	328	A	N	0
2008	142	9	6	4	326	A	N	1
2010	60	10	0	0		M	N	0
2008	5	66	8	23	332	A	N	0
2008	153	64	64	58	168	A	E	0
2009	168	114	37	15	396	A	N	1
2007	132	375	67	70	109	A	L	0
2011	143	1	0	0	61	M	N	1
2012	213	6	6	2	79	M	L	1
2012	153	1390	583	541	302	A	N	1
2010	141	13	2	1	63	M	N	0
2010	61	40	11	3	426	A	N	1
2008	106	29	10	2	447	A	N	1
2008	144	42	12	14	383	A	N	1
2009	191	21	10	9	68	M	N	1
2012	43	3	2	1	46	M	N	1
2008	55	124	72	31	80	M	E	1
2011	5	62	4	19	306	A	N	0
2012	131	9	3	1	64	M	L	1
2012	187	161	56	56	39	M	N	1
2011	82	147	97	76	48	M	N	1
2011	167	88	34	12	92	M	N	1
2012	209	3	3	3	82	M	N	1
2011	193	7	1	1	72	M	N	0
2009	189	17	3	6	238	A	N	1
2010	194	1	1	1	54	M	N	0
2012	96	26	8	5	66	M	L	1
2009	39	116	13	14	356	A	N	0
2012	148	65	2	16	315	A	N	0
2009	139	8	7	7	73	M	N	1
2009	126	32	19	8	55	M	N	1
2009	164	34	6	0		A	E	0
2009	174	13	10	8	70	M	N	1
2011	109	16	1	0		M	N	0
2012	191	14	0	0		M	N	0
2011	68	3	1	0	57	M	N	0
2008	198	56	0	1	320	A	N	0
2009	154	7	0	0		M	N	0
2011	160	20	10	5	37	M	N	1
2010	207	12	3	0		M	N	1
2008	23	320	91	101	261	A	N	1
2007	155	58	2	7	104	A	N	0
2010	33	196	47	86	203	A	E	0
2009	167	2	2	2	97	M	N	0
2009	60	37	21	17	90	M	N	1
2011	210	61	17	8	70	M	L	0
2012	151	6	0	3	299	A	N	0
2007	148	94	54	45	122	A	N	1
2009	204	16	4	0		M	L	1
2010	149	17	1	1	94	M	N	0
2012	43	36	19	14	46	M	L	0
2012	139	6	0	0		M	N	0
2010	40	53	3	0		M	N	0
2008	63	4	0	0		A	N	0
2011	84	112	33	20	423	A	N	1
2011	97	21	3	7	308	A	N	0
2008	147	25	3	8	306	A	N	0
2010	59	2	0	0	48	M	L	0
2012	208	76	26	9	66	M	N	1
2010	188	1	1	1	87	M	N	0
2008	198	231	44	70	321	A	N	1
2011	127	77	34	18	351	A	N	1
2011	50	116	67	18	74	M	N	1
2011	164	45	1	10	280	A	N	0
2008	142	4	1	1	292	A	N	0
2009	153	7	2	1	88	M	E	1
2011	14	3	1	1	32	M	L	0
2012	108	1	0	0		A	N	0
2010	199	2	0	0		M	N	0
2011	114	1	0	0	1	M	N	1
2012	196	302	138	119	68	M	N	1
2011	43	43	15	12	29	M	L	0
2009	73	29	13	12	60	M	N	1
2011	61	36	14	4	428	A	N	1
2008	51	256	92	120	229	A	L	0
2009	177	1	1	0		M	N	0
2011	151	7	0	0		A	N	0
2012	119	6	5	4	60	M	N	1
2009	103	284	48	47	366	A	N	1
2010	80	79	38	38	382	A	N	1
2010	132	89	6	44	221	A	N	0
2009	58	17	5	0		A	N	1
2010	112	4	2	2	75	M	N	1
2011	70	1	1	1	86	M	N	0
2010	153	25	1	1	87	M	N	0
2010	142	5	0	1	365	A	N	0
2008	133	268	15	14	364	A	N	0
2012	132	333	32	88	319	A	N	0
2011	33	191	16	35	262	A	N	0
2010	72	9	0	0		M	N	0
2012	198	227	63	4	425	A	N	1
2012	127	20	0	2	304	A	N	0
2012	133	116	51	45	62	M	N	1
2012	86	33	11	8	64	M	L	0
2008	131	18	8	4	64	M	L	0
2008	104	13	3	0		A	N	0
2010	187	40	5	5	26	M	N	0
2008	61	43	19	7	430	A	N	1
2008	155	89	1	4	250	A	N	0
2007	142	19	1	6	127	A	N	1
2009	62	7	0	0		M	N	1
2008	5	151	51	12	418	A	N	1
2009	51	36	1	3	40	M	L	0
2009	131	55	35	34	68	M	L	1
2011	191	11	0	0	63	M	N	0
2010	116	26	7	5	45	M	L	0
2010	145	21	17	9	81	M	N	1
2012	13	10	1	3	310	A	N	0
2008	103	57	3	3	358	A	N	0
2007	61	23	1	5	126	A	N	0
2011	64	6	1	3	326	A	N	0
2009	107	9	0	0		M	N	1
2009	167	16	0	0		M	N	0
2011	86	66	45	29	62	M	L	1
2012	55	37	4	1	90	M	E	0
2011	132	545	323	131	381	A	L	1
2012	39	326	16	24	356	A	N	0
2010	83	1027	499	439	277	O	L	0
2008	57	740	237	180	381	A	N	1
2011	201	136	3	7	368	A	N	0
2010	59	8	0	0	65	M	N	0
2007	104	15	4	6	120	A	N	0
2009	83	1024	502	520	216	O	L	0
2009	132	531	184	270	224	A	L	0
2012	96	4	0	0		M	N	0
2010	168	4	0	0		M	N	0
2010	214	407	104	76	412	A	N	1
2012	198	2	0	0		M	N	0
2011	53	104	58	27	75	M	N	1
2007	168	37	1	3	122	A	N	0
2010	88	11	0	1	386	A	N	0
2009	62	14	5	0		M	L	1
2011	83	603	53	92	393	O	N	0
2008	19	19	16	0		M	N	1
2009	57	92	49	38	41	M	N	1
2012	132	34	3	3	47	M	L	0
2011	54	11	7	4	82	M	N	1
2007	108	2	2	2	86	A	N	1
2011	213	2	2	0	10	M	L	0
2010	40	511	141	29	452	A	N	1
2008	57	265	12	10	378	A	N	0
2010	198	52	18	13	38	M	L	1
2011	131	2	1	1	71	M	N	0
2012	51	60	29	32	41	M	N	1
2011	212	5	2	0		M	N	1
2010	131	10	4	2	56	M	L	1
2009	148	20	0	3	312	A	N	0
2009	159	24	24	15	347	A	N	0
2009	55	75	44	33	53	M	E	1
2012	170	143	93	48	31	M	N	1
2008	40	664	180	27	451	A	N	1
2011	65	2	2	2	94	M	N	0
2007	90	17	1	5	120	A	N	1
2009	200	28	3	4	266	A	N	0
2011	145	14	9	7	78	M	N	1
2009	197	1	1	1	91	M	N	0
2012	164	13	1	0		M	L	0
2008	127	29	11	11	300	A	N	1
2011	167	1	1	1	96	M	N	0
2010	150	2	0	0		M	N	1
2011	83	881	390	449	203	O	L	0
2008	63	29	6	9	383	A	N	1
2010	117	1	0	0	45	M	N	0
2008	88	21	0	0		A	N	0
2012	173	22	18	12	64	M	N	1
2009	198	1	1	0		M	L	0
2012	110	12	0	1	49	M	L	0
2011	132	794	366	148	397	A	N	1
2009	198	54	30	22	69	M	L	1
2007	137	248	128	118	78	A	L	0
2009	147	26	2	7	302	A	N	0
2009	108	1	1	0		A	N	1
2010	38	1	1	1	70	M	N	1
2010	164	1	0	0		M	N	0
2009	129	316	74	70	353	A	N	1
2010	31	3	1	1	59	M	N	1
2011	130	2	2	2	92	M	N	0
2010	51	37	4	4	75	M	L	0
2007	16	6	0	2	110	A	N	0
2009	188	4	0	0		M	N	0
2012	40	403	18	16	420	A	N	0
2009	146	2	1	1	65	M	N	0
2011	87	1	1	0	83	M	N	0
2012	145	9	4	5	80	M	N	1
2007	134	642	233	138	123	A	N	1
2010	128	1	0	0	79	M	N	1
2010	27	6	6	6	85	M	N	0
2011	174	10	4	0		M	L	1
2012	149	67	15	12	92	M	N	1
2009	60	19	8	0		M	L	0
2011	102	9	2	2	61	M	L	1
2012	165	6	1	1	84	M	N	0
2007	132	126	7	6	122	A	N	0
2007	33	110	22	43	80	A	E	0
2012	59	14	4	1	58	M	L	1
2011	131	15	9	7	71	M	L	1
2012	202	1	0	0		M	L	0
2010	201	33	3	0		A	L	0
2012	120	14	0	1	411	A	N	0
2011	178	5	2	2	80	M	N	1
2011	200	58	2	3	373	A	N	0
2011	85	4	3	2	80	M	N	1
2009	107	20	6	0		M	L	1
2010	147	62	18	5	431	A	N	1
2007	183	195	11	17	120	A	N	0
2010	99	23	1	3	379	A	N	0
2011	130	325	21	13	428	A	N	0
2009	180	11	0	0		A	N	0
2010	174	6	1	0		M	L	1
2011	149	2	2	2	96	M	N	0
2010	169	1	0	0	54	M	N	0
2012	4	30	13	8	75	M	N	1
2012	27	8	1	0		M	N	0
2007	129	543	218	22	118	A	N	1
2009	173	5	1	1	69	M	N	0
2008	108	1	1	0		A	N	1
2012	144	60	6	8	398	A	N	0
2007	164	62	4	15	92	A	N	0
2012	24	8	4	1	80	M	N	1
2009	164	422	136	149	320	A	N	1
2011	201	62	10	0		A	L	0
2010	126	15	0	2	70	M	N	0
2012	32	8	0	0		M	N	0
2010	198	331	93	53	381	A	N	1
2007	97	58	24	15	110	A	N	1
2010	85	6	6	3	64	M	N	1
2010	111	92	92	83	200	A	L	0
2011	13	18	7	2	428	A	N	1
2011	65	15	2	2	94	M	N	0
2010	123	1583	679	519	329	A	N	1
2009	190	8	0	0		M	N	0
2007	18	112	42	22	140	A	N	1
2011	170	101	62	38	22	M	N	1
2009	17	52	29	23	64	M	N	1
2010	14	3	1	0	50	M	L	1
2007	113	97	2	6	110	A	N	0
2011	34	3	0	0		A	N	0
2009	4	30	17	15	70	M	N	1
2010	4	2	1	0		M	N	1
2011	40	368	107	32	442	A	N	1
2010	109	93	31	0		M	L	1
2010	146	3	0	0	70	M	N	0
2011	73	59	20	10	75	M	N	1
2011	114	7	3	2	74	M	L	0
2011	146	16	12	4	79	M	N	1
2012	154	9	0	0		M	N	0
2009	41	15	2	2	86	M	N	0
2011	161	20	8	2	428	A	N	1
2009	207	11	5	4	79	M	N	1
2011	137	31	31	26	203	A	L	0
2009	202	3	0	0		M	N	0
2009	13	18	6	2	434	A	N	1
2007	74	68	4	17	120	A	N	0
2009	146	10	4	5	69	M	N	1
2009	70	9	7	8	75	M	N	1
2011	60	7	5	0		M	L	0
2011	205	21	5	4	73	M	N	1
2012	169	3	0	0	54	M	N	0
2010	51	78	42	31	47	M	N	1
2010	84	125	45	19	423	A	N	1
2009	55	33	3	3	75	M	E	0
2009	187	44	3	2	26	M	N	0
2012	7	17	2	1	44	M	N	0
2007	23	63	5	5	108	A	N	0
2011	124	1	0	0	1	M	N	1
2009	91	50	8	7	288	A	N	0
2011	31	32	16	7	70	M	L	1
2010	164	166	60	0		A	L	1
2011	122	18	7	7	73	M	N	1
2011	200	602	163	147	353	A	N	1
2010	174	6	1	0		M	N	0
2012	51	286	107	29	414	A	L	1
2011	190	65	43	32	54	M	N	1
2009	11	1	0	0		M	N	0
2009	122	4	0	0		M	N	0
2007	63	7	1	0		A	N	0
2010	44	36	3	14	308	A	N	0
2008	90	16	4	5	310	A	N	1
2009	196	485	37	65	429	A	N	0
2007	103	34	8	0		A	E	0
2011	115	611	218	133	372	A	N	1
2007	5	187	62	15	138	A	N	1
2009	153	5	0	0		M	E	0
2009	159	47	3	10	308	A	N	0
2009	51	106	55	44	50	M	L	1
2009	7	27	2	0		M	L	0
2009	211	15	0	0		M	N	0
2011	19	61	8	15	36	M	N	0
2010	51	107	41	26	47	M	L	1
2012	82	137	79	54	44	M	N	1
2010	203	3	1	0		M	N	0
2007	196	1339	704	147	139	A	N	1
2008	10	64	16	5	434	A	N	1
2009	205	11	7	7	72	M	N	1
2012	60	56	26	14	92	M	N	1
2009	206	27	14	12	55	M	N	1
2007	78	431	112	95	129	A	N	1
2012	132	361	98	198	248	A	L	0
2009	203	1	1	1	59	M	N	1
2010	136	2	0	0		M	N	0
2010	196	81	11	8	81	M	N	0
2010	8	7	2	1	54	M	N	1
2011	174	13	8	6	76	M	N	1
2011	28	1	1	1	84	M	N	0
2010	115	70	2	3	361	A	N	0
2009	84	239	68	16	437	A	N	1
2012	119	7	3	3	60	M	N	0
2009	151	16	4	3	401	A	N	1
2012	37	4	2	1	69	M	N	1
2010	141	72	44	34	63	M	N	1
2011	164	17	12	11	90	M	N	1
2012	153	9	1	2	86	M	N	0
2011	59	2	0	0	84	M	L	0
2008	76	65	18	12	398	A	N	1
2010	17	39	1	0	41	M	N	0
2009	109	1	1	0		M	N	0
2009	132	523	300	132	359	A	L	1
2012	19	255	170	48	69	M	N	1
2010	93	311	137	37	432	A	N	1
2010	116	29	19	13	45	M	L	1
2007	125	2	0	0		A	N	0
2007	13	15	3	2	137	A	N	1
2012	175	171	59	51	53	M	N	1
2012	13	8	1	0		A	N	1
2009	196	93	9	7	75	M	N	0
2008	64	3	1	1	394	A	N	1
2010	47	8	0	0		M	N	0
2009	174	5	0	0		M	L	0
2009	130	2	2	1	81	M	N	0
2012	142	14	6	2	409	A	N	1
2011	190	2	0	0		M	N	0
2012	136	23	11	7	74	M	N	1
2012	164	359	104	20	411	A	N	1
2009	117	3	0	0		M	N	1
2011	148	90	32	21	393	A	N	1
2010	144	101	36	11	428	A	N	1
2010	190	12	3	1	74	M	N	0
2012	200	148	7	10	358	A	N	0
2011	190	20	8	6	60	M	N	1
2009	153	171	86	96	191	A	E	0
2011	38	2	0	2	27	M	N	0
2009	118	36	14	9	405	A	N	1
2009	108	2	1	0		A	N	0
2009	166	6	5	4	73	M	N	1
2011	164	2	1	1	93	M	N	0
2012	120	51	8	3	419	A	N	1
2009	139	1	0	0		M	N	0
2011	35	6	0	1	40	M	N	0
2009	23	43	3	7	198	A	N	0
2007	16	10	3	3	127	A	N	1
2010	13	17	7	1	431	A	N	1
2007	158	75	28	12	108	A	E	1
2009	164	15	5	0		M	N	1
2012	140	21	0	1	97	M	N	0
2010	122	12	4	0		M	N	1
2011	57	810	270	164	401	A	N	1
2011	133	22	2	1	76	M	N	0
2010	75	2	0	0		M	N	0
2011	45	176	30	86	216	A	L	0
2008	97	51	19	8	401	A	N	1
2011	126	9	0	0		M	N	0
2010	29	10	7	4	80	M	N	1
2010	119	10	4	3	68	M	N	0
2012	51	200	11	20	377	A	N	0
2012	144	90	28	9	438	A	N	1
2008	153	212	96	104	168	A	E	0
2010	94	395	69	107	392	A	N	1
2007	97	18	1	1	121	A	N	0
2012	183	316	22	83	300	A	N	0
2012	109	45	5	4	90	M	N	0
2012	17	37	2	1	49	M	N	0
2012	115	523	175	146	353	A	N	1
2011	209	1	1	0		M	N	1
2012	16	10	0	4	326	A	N	0
2007	153	213	104	116	80	A	E	0
2010	57	39	3	0		M	N	0
2012	114	7	0	0	58	M	L	1
2011	29	7	3	1	90	M	N	1
2007	127	19	8	6	103	A	N	1
2010	62	1	0	0	41	M	N	1
2010	152	1	0	0		M	N	0
2010	158	96	2	18	201	A	N	0
2010	132	499	164	285	227	A	L	0
2010	92	4	3	1	87	M	N	1
2009	199	2	0	0		M	N	0
2012	37	15	8	2	70	M	L	1
2009	188	12	10	9	67	M	N	1
2009	83	582	37	52	400	O	N	0
2011	92	2	1	0		M	N	1
2007	99	47	19	4	137	A	N	1
2009	127	39	16	15	252	A	N	1
2011	213	4	3	2	27	M	L	1
2010	77	1	1	0	50	M	N	0
2010	186	14	5	4	56	M	L	1
2010	60	5	0	0		M	L	0
2011	109	113	38	18	93	M	N	1
2011	175	218	88	26	74	M	N	1
2012	87	2	1	0	60	M	N	0
2010	129	96	1	7	354	A	N	0
2010	109	147	56	39	90	M	N	1
2012	143	4	0	0	40	M	L	1
2010	132	781	348	136	401	A	N	1
2011	126	66	28	15	80	M	N	1
2009	62	1	0	0		M	N	0
2012	206	31	2	2	64	M	N	0
2009	93	134	9	0		A	N	0
2012	101	1	0	0	50	M	N	1
2011	182	70	33	15	91	M	N	1
2012	14	9	4	4	68	M	N	1
2011	75	8	6	3	77	M	N	1
2011	153	70	39	11	80	M	E	1
2011	148	21	1	5	332	A	N	0
2010	152	3	2	0		M	N	1
2012	121	3	2	1	87	M	N	1
2007	76	29	13	15	123	A	N	1
2011	76	42	14	11	393	A	N	1
2012	192	31	0	0	90	M	N	0
2009	49	45	40	31	40	M	N	1
2010	175	181	76	50	72	M	N	1
2010	109	522	129	99	409	A	N	1
2012	17	39	21	11	49	M	L	1
2011	186	17	6	3	76	M	L	1
2008	25	73	38	20	408	A	N	1
2011	33	224	115	25	380	A	E	1
2009	208	15	0	0		M	N	0
2011	132	72	43	28	45	M	N	1
2011	162	56	42	29	58	M	N	1
2011	33	210	53	77	208	A	E	0
2009	7	44	15	8	68	M	L	1
2009	42	4	0	0		M	N	0
2008	60	3	3	3	86	M	L	0
2010	199	17	1	0		M	N	1
2012	20	2	0	0	42	M	L	0
2011	52	18	13	7	85	M	N	1
2009	166	2	0	0		M	N	0
2012	53	86	49	37	62	M	N	1
2010	181	1	0	0	50	M	N	1
2008	148	97	37	43	287	A	N	1
2010	47	41	34	23	71	M	N	1
2010	137	265	137	135	200	A	L	0
2010	67	7	2	1	89	M	N	0
2011	165	6	0	0		M	N	0
