	nap	kezdés	távozás	munkaidő	szombat	vasárnap
42979		0,305555556	0,756944444					Munkanapok száma:
42980		0,4375	0,541666667					Elszámolt munkaidő:
42981		0,315972222	0,541666667					Túlóra:
42982		0,295138889	0,774305556
42983		0,298611111	0,677083333
42984		0,295138889	0,763888889
42985		0,295138889	0,604166667
42986		0,288194444	0,652777778
42987		0,34375	0,652777778
42988		0,333333333	0,402777778
42989		0,291666667	0,770833333
42990		0,291666667	0,777777778
42991		0,288194444	0,618055556
42992		0,288194444	0,774305556
42993		0,298611111	0,739583333
42994		0,333333333	0,5
42995
42996		0,288194444	0,732638889
42997		0,291666667	0,555555556
42998		0,291666667	0,722222222
42999		0,288194444	0,784722222
43000		0,288194444	0,746527778
43001
43002		0,583333333	0,659722222
43003		0,288194444	0,784722222
43004		0,288194444	0,5625
43005		0,288194444	0,756944444
43006		0,291666667	0,666666667
43007		0,288194444	0,798611111
43008		0,541666667	0,8125
Összesen:
