tancid	ferfiid	noid
1	638	596
1	345	648
1	236	268
1	550	589
1	511	486
1	424	491
1	151	380
2	511	596
2	151	382
2	424	204
2	236	32
2	175	268
2	345	197
2	638	589
2	611	491
2	492	380
3	151	365
3	175	496
3	236	589
3	492	486
3	511	273
3	611	526
4	611	539
4	151	648
4	638	382
4	175	486
4	345	610
4	550	589
4	492	197
4	236	496
5	550	382
5	175	204
5	611	526
5	345	486
5	151	496
5	511	273
5	492	380
5	638	610
5	236	268
6	424	382
6	611	365
6	511	496
6	236	589
6	638	486
6	151	491
6	492	380
7	611	596
7	175	380
7	236	610
7	638	197
7	151	382
7	511	496
7	345	365
7	550	491
8	236	204
8	511	365
8	638	648
8	492	589
8	151	486
8	175	539
8	424	273
8	550	491
8	345	526
9	175	204
9	236	32
9	345	648
9	424	197
9	511	491
9	550	526
10	345	596
10	550	382
10	611	204
10	638	365
10	236	648
10	424	197
10	492	491
10	151	526
10	175	380
11	175	204
11	345	496
11	638	268
11	492	197
11	151	486
11	424	273
12	151	526
12	175	382
12	492	496
12	550	273
12	511	610
12	638	32
12	345	486
12	236	648
13	18	219
13	347	596
13	386	436
13	328	451
13	162	61
13	501	15
13	398	558
13	590	607
13	184	39
13	153	490
14	153	219
14	162	596
14	184	436
14	201	451
14	328	599
14	347	308
14	386	170
14	398	607
14	501	490
15	184	436
15	590	15
15	386	170
15	153	39
15	162	558
15	347	94
15	201	61
15	328	596
15	398	599
16	153	219
16	590	599
16	347	308
16	386	61
16	184	558
16	398	39
16	328	490
17	18	596
17	501	451
17	347	607
17	153	308
17	328	219
17	201	558
17	184	94
17	162	39
17	590	648
17	398	15
17	386	61
18	153	61
18	398	94
18	184	39
18	162	170
18	386	607
18	501	648
18	328	490
18	590	219
18	18	596
18	347	558
19	18	490
19	398	219
19	153	94
19	162	607
19	347	558
19	590	599
19	184	15
19	328	451
19	501	61
20	153	596
20	162	436
20	184	451
20	328	599
20	347	558
20	386	607
20	501	490
21	162	436
21	398	599
21	590	308
21	153	61
21	184	170
21	386	558
21	347	39
22	162	308
22	201	94
22	184	170
22	153	648
22	386	558
22	328	607
22	18	61
22	398	436
22	590	596
23	26	472
23	319	225
23	391	146
23	327	218
23	338	589
23	385	471
24	319	63
24	26	186
24	375	589
24	338	82
24	391	189
24	327	471
25	338	35
25	26	63
25	385	82
25	327	186
25	391	189
25	153	454
25	319	472
26	375	35
26	385	63
26	338	146
26	391	186
26	319	189
26	227	225
26	153	454
26	26	471
26	327	472
27	375	454
27	338	589
27	327	63
27	26	218
27	391	186
27	319	35
28	26	35
28	227	63
28	327	82
28	153	146
28	391	186
28	338	189
28	319	218
28	385	454
28	375	471
29	338	589
29	26	472
29	385	63
29	227	186
29	319	189
29	375	454
29	391	82
29	153	146
30	153	189
30	227	472
30	385	35
30	26	218
30	375	589
30	327	82
30	319	186
30	338	63
30	391	225
31	327	82
31	153	472
31	375	218
31	338	589
31	26	146
31	391	186
31	227	189
31	385	63
31	319	225
32	338	218
32	375	471
32	153	589
32	319	225
32	327	146
32	26	189
32	385	63
32	227	472
32	391	35
33	26	35
33	319	82
33	327	146
33	338	186
33	375	225
33	385	471
34	391	472
34	26	589
34	385	35
34	327	63
34	319	225
34	227	146
34	375	186
34	338	218
34	153	82
35	153	472
35	338	471
35	391	589
35	385	82
35	227	63
35	375	186
35	319	146
35	327	225
36	26	63
36	227	189
36	319	218
36	338	225
36	385	454
36	391	471
36	327	472
37	385	35
37	327	63
37	26	146
37	227	186
37	391	189
37	338	218
37	319	454
37	153	471
38	391	82
38	375	146
38	338	218
38	385	225
38	227	454
38	153	472
39	375	589
39	391	189
39	153	225
39	227	471
39	385	186
39	26	63
39	327	35
39	338	146
40	9	115
40	120	640
40	327	462
40	473	71
40	501	113
40	582	648
41	150	462
41	501	623
41	602	134
41	638	617
41	305	648
41	327	453
41	9	600
42	638	462
42	150	555
42	582	113
42	473	600
42	9	433
42	305	109
42	501	430
42	602	617
42	120	115
43	120	555
43	327	109
43	305	640
43	473	71
43	582	536
43	638	617
43	150	98
43	9	600
44	120	555
44	9	109
44	582	640
44	638	430
44	602	623
44	473	617
44	150	264
44	327	453
45	501	555
45	582	115
45	305	109
45	150	430
45	602	462
45	638	623
45	120	536
45	9	98
46	582	617
46	305	453
46	120	536
46	501	433
46	602	430
46	473	462
46	9	648
46	638	555
46	150	640
47	9	109
47	638	433
47	305	617
47	327	134
47	501	430
47	602	115
47	120	555
48	120	115
48	150	430
48	473	462
48	501	623
48	582	134
48	602	648
49	501	462
49	150	623
49	9	555
49	473	134
49	582	433
49	305	648
49	638	109
49	327	600
49	120	640
49	602	98
50	582	536
50	9	433
50	150	648
50	638	264
50	120	134
50	305	640
50	501	462
50	473	98
50	602	600
51	626	143
51	325	149
51	381	494
51	638	506
51	297	526
51	415	557
52	408	471
52	626	557
52	503	607
52	638	300
52	381	641
52	297	149
53	297	143
53	503	149
53	638	300
53	408	471
53	415	494
53	325	526
53	626	557
53	381	607
54	297	149
54	408	300
54	415	494
54	325	506
54	626	557
54	638	607
55	408	607
55	381	143
55	297	506
55	626	494
55	325	149
55	638	557
55	503	300
55	415	641
56	638	607
56	626	526
56	381	300
56	297	494
56	415	641
56	408	557
56	503	471
56	325	149
57	638	471
57	408	526
57	297	607
57	503	149
57	415	641
57	626	494
57	325	143
58	381	143
58	638	471
58	408	607
58	325	557
58	503	149
58	297	641
58	626	506
58	415	494
59	325	506
59	626	143
59	408	526
59	381	641
59	297	471
59	638	494
60	503	143
60	408	557
60	297	526
60	638	471
60	381	506
60	325	641
60	626	494
61	381	300
61	638	641
61	297	557
61	503	494
61	408	149
61	626	471
62	297	506
62	381	149
62	503	494
62	638	641
62	626	471
62	325	143
62	415	557
62	408	607
63	19	102
63	27	189
63	48	210
63	50	332
63	379	399
63	403	537
63	601	577
64	10	431
64	19	577
64	27	102
64	48	189
64	50	329
64	65	594
64	322	332
64	517	537
64	601	399
65	27	189
65	65	577
65	379	210
65	616	102
65	261	399
65	322	329
65	48	181
65	517	594
65	403	332
65	10	537
65	28	431
66	10	102
66	19	181
66	27	189
66	28	210
66	65	329
66	261	431
66	379	537
66	403	577
67	10	329
67	19	189
67	28	332
67	48	181
67	50	537
67	322	102
67	379	594
68	261	102
68	616	181
68	27	210
68	322	332
68	48	399
68	517	431
68	10	577
69	10	210
69	27	181
69	28	594
69	48	431
69	50	189
69	65	102
69	261	329
69	322	577
69	379	537
69	403	399
69	517	332
70	19	102
70	28	594
70	48	332
70	65	189
70	261	399
70	403	210
70	601	181
71	48	102
71	616	577
71	322	181
71	601	537
71	517	431
71	19	210
71	65	399
71	50	332
71	27	594
72	27	102
72	517	431
72	19	329
72	65	332
72	322	399
72	403	189
72	616	181
72	379	210
72	48	577
72	28	537
72	10	594
73	231	101
73	34	554
73	208	140
73	172	281
73	582	597
73	361	38
73	298	495
73	121	213
74	356	140
74	72	597
74	34	308
74	361	281
74	298	318
74	403	75
74	25	495
74	582	454
74	121	101
74	172	213
74	232	163
74	231	554
74	334	38
75	172	140
75	361	318
75	25	554
75	356	495
75	403	101
75	121	255
75	232	75
75	231	213
75	72	281
75	266	454
75	406	497
75	582	597
76	25	597
76	34	38
76	72	75
76	121	255
76	172	454
76	266	495
76	298	101
76	334	140
76	356	554
76	403	308
76	406	281
77	34	38
77	232	101
77	266	140
77	334	281
77	361	308
77	406	495
78	121	140
78	72	597
78	361	163
78	266	75
78	232	255
78	25	554
78	582	281
78	172	318
78	231	213
78	334	38
78	403	308
78	356	101
78	34	495
78	208	454
79	361	497
79	172	38
79	231	213
79	356	454
79	208	75
79	232	495
79	121	101
79	25	255
79	406	140
79	34	318
79	334	554
79	72	597
79	298	308
79	582	163
79	403	281
80	298	554
80	334	213
80	25	308
80	34	140
80	121	255
80	231	495
80	582	454
80	72	75
80	266	38
80	403	318
80	232	597
81	208	101
81	266	318
81	231	497
81	72	281
81	121	597
81	34	140
81	232	554
81	361	495
81	356	255
81	406	308
81	403	454
81	582	75
81	334	38
81	172	213
81	25	163
82	72	101
82	25	597
82	356	140
82	298	554
82	208	495
82	582	318
82	266	497
82	334	213
82	34	308
83	25	38
83	298	308
83	121	318
83	72	454
83	231	597
83	356	75
83	334	281
83	403	101
83	34	554
83	582	163
84	72	308
84	121	495
84	334	213
84	172	454
84	232	597
84	266	281
84	582	318
84	356	497
84	403	75
84	361	101
84	25	255
84	406	140
84	208	163
84	231	554
85	34	308
85	121	213
85	172	597
85	231	75
85	232	255
85	356	101
85	361	163
85	403	38
86	25	38
86	121	75
86	231	101
86	232	163
86	266	281
86	334	454
86	356	495
86	403	554
87	121	38
87	172	75
87	208	140
87	231	163
87	232	308
87	266	497
87	298	554
88	1	523
88	10	213
88	183	225
88	232	76
88	473	383
88	562	614
89	201	76
89	10	225
89	26	115
89	232	15
89	1	213
89	571	523
89	183	648
90	1	115
90	10	370
90	26	614
90	157	76
90	183	523
90	201	15
90	232	219
90	562	383
91	1	115
91	10	370
91	26	614
91	183	440
91	201	76
91	232	523
91	473	219
92	1	15
92	201	213
92	183	219
92	571	383
92	232	370
92	473	614
92	10	648
92	562	225
92	157	115
93	1	370
93	10	440
93	26	76
93	157	225
93	183	523
93	232	648
93	473	219
93	562	383
94	1	440
94	10	523
94	26	614
94	157	15
94	183	76
94	201	648
94	232	383
94	473	213
94	562	370
95	157	115
95	562	523
95	232	370
95	1	15
95	26	614
95	10	213
95	183	225
95	571	440
95	473	219
96	473	440
96	183	648
96	571	15
96	232	523
96	562	76
96	10	115
96	157	370
96	26	219
96	201	225
96	1	213
97	473	370
97	562	440
97	183	523
97	571	648
97	201	219
97	1	383
98	232	15
98	10	523
98	201	115
98	1	225
98	473	219
98	157	440
98	571	370
98	562	614
98	26	213
98	183	383
99	1	614
99	473	76
99	26	213
99	157	523
99	10	15
99	571	115
99	562	219
99	183	440
99	201	370
100	562	115
100	473	614
100	232	219
100	157	523
100	1	225
100	26	648
100	571	370
100	183	383
100	10	440
100	201	213
101	19	24
101	22	114
101	49	259
101	50	359
101	72	362
101	79	416
101	265	419
101	371	559
101	531	580
102	22	640
102	72	580
102	531	419
102	485	559
102	19	24
102	265	259
102	49	416
102	50	114
102	606	264
103	49	559
103	22	24
103	371	380
103	334	416
103	19	359
103	235	362
103	485	640
103	606	580
103	50	419
103	265	264
104	50	24
104	265	380
104	297	259
104	334	114
104	371	640
104	485	32
104	531	419
105	50	559
105	485	580
105	297	640
105	265	259
105	19	416
105	22	362
105	235	32
105	92	114
105	79	380
105	49	419
105	72	24
105	606	264
105	371	359
106	485	259
106	49	419
106	19	362
106	371	24
106	50	580
106	22	640
106	606	380
107	19	359
107	22	264
107	49	416
107	50	419
107	72	640
107	92	32
107	235	259
107	265	380
107	297	580
107	334	114
107	371	559
107	485	24
107	531	362
108	297	24
108	265	32
108	334	114
108	72	359
108	49	362
108	531	380
108	79	416
108	606	559
108	485	580
109	50	380
109	79	32
109	92	640
109	265	580
109	297	362
109	334	416
109	371	114
109	485	264
109	531	259
110	19	419
110	22	362
110	49	359
110	79	264
110	235	580
110	297	640
110	334	24
110	371	559
110	485	114
110	531	32
111	22	259
111	49	362
111	72	580
111	92	416
111	334	24
111	371	640
111	531	359
112	333	186
112	601	623
112	427	137
112	89	488
112	22	378
112	276	594
112	275	223
112	625	75
112	99	598
113	601	315
113	28	598
113	427	223
113	99	75
113	89	137
113	22	433
113	275	378
113	276	594
113	333	442
113	551	623
113	625	488
114	275	223
114	625	378
114	28	137
114	601	598
114	99	623
114	89	60
114	551	354
114	427	315
114	333	186
114	276	433
115	427	137
115	333	442
115	275	594
115	601	623
115	28	433
115	276	378
115	89	130
115	99	75
115	551	315
115	22	488
115	625	354
116	427	378
116	22	488
116	625	442
116	333	75
116	601	598
116	551	433
116	28	354
116	89	60
116	99	623
117	22	594
117	28	442
117	89	598
117	275	488
117	276	332
117	333	623
117	427	75
117	551	378
117	601	315
118	276	130
118	601	598
118	22	378
118	333	223
118	275	433
118	625	442
118	427	623
118	99	60
118	551	137
119	89	60
119	625	130
119	601	315
119	427	332
119	333	354
119	28	378
119	275	442
119	551	488
120	89	623
120	99	137
120	22	186
120	28	315
120	625	433
120	333	354
121	625	60
121	99	137
121	22	223
121	276	332
121	601	354
121	28	433
121	551	442
121	427	488
121	333	598
122	99	332
122	333	315
122	28	594
122	275	60
122	89	623
122	22	488
122	427	137
122	625	354
122	601	442
123	142	57
123	276	218
123	292	260
123	374	288
123	545	365
123	562	510
124	374	510
124	325	365
124	142	218
124	276	57
124	107	627
124	625	340
124	588	453
124	459	260
124	66	397
124	562	462
124	545	288
125	325	442
125	625	218
125	588	397
125	545	510
125	459	340
125	562	57
125	276	627
125	107	288
125	374	260
125	585	453
125	292	462
126	252	340
126	545	442
126	562	288
126	107	627
126	276	510
126	292	462
126	66	170
126	142	57
126	278	453
126	588	365
126	625	218
126	374	260
127	66	218
127	107	397
127	142	627
127	252	442
127	276	260
127	278	340
127	459	170
127	545	365
127	585	57
127	588	453
128	142	340
128	278	365
128	459	57
128	585	218
128	562	627
128	292	288
128	625	442
129	66	260
129	562	288
129	588	510
129	625	627
129	374	442
129	325	397
129	292	340
129	278	462
129	142	218
129	252	57
130	459	170
130	545	365
130	325	260
130	276	627
130	66	453
130	278	340
130	585	218
130	588	397
130	562	510
130	292	288
130	625	57
131	66	218
131	107	453
131	142	627
131	252	510
131	325	365
131	585	442
131	588	340
132	276	442
132	107	218
132	562	340
132	588	57
132	625	288
132	292	627
132	325	260
132	66	397
132	374	462
132	545	170
132	585	453
132	278	510
133	92	373
133	322	479
133	611	483
133	261	397
133	104	642
133	226	111
133	485	126
133	59	288
133	477	229
133	541	314
133	166	294
133	243	123
133	609	353
133	196	411
134	322	111
134	92	483
134	166	525
134	59	123
134	611	294
134	104	397
134	609	206
134	485	642
134	196	373
134	226	288
134	541	314
135	59	111
135	104	206
135	166	314
135	196	353
135	243	373
135	322	411
136	196	479
136	477	525
136	541	397
136	59	483
136	609	294
136	153	373
136	104	78
136	243	126
136	166	288
136	226	642
136	92	314
136	485	123
136	261	111
136	611	411
137	92	353
137	104	126
137	153	78
137	166	314
137	226	373
137	243	411
137	261	642
137	322	206
137	485	525
137	541	229
137	609	294
138	196	78
138	541	123
138	477	126
138	104	229
138	59	288
138	243	294
138	92	314
138	166	353
138	153	373
138	261	397
138	611	411
138	485	479
138	609	525
139	153	78
139	477	111
139	541	123
139	322	206
139	609	229
139	166	288
139	243	294
139	92	314
139	59	353
139	261	373
139	611	411
139	196	483
139	485	525
140	104	642
140	153	288
140	166	111
140	196	294
140	243	483
140	261	229
140	322	353
140	485	126
140	609	397
141	196	123
141	153	397
141	611	642
141	166	288
141	243	229
141	226	353
141	59	78
141	104	479
141	485	411
141	92	525
141	541	206
141	261	111
141	322	483
141	477	373
141	609	126
142	611	479
142	153	206
142	104	411
142	243	353
142	477	525
142	59	126
142	485	642
142	226	314
142	322	288
142	609	229
142	196	483
142	92	123
142	541	294
142	166	111
142	261	373
143	319	60
143	339	213
143	408	320
143	424	370
143	428	434
143	478	554
144	427	320
144	591	370
144	339	388
144	408	431
144	319	434
144	428	596
145	319	60
145	339	213
145	408	370
145	424	388
145	427	434
145	428	554
145	478	596
146	424	320
146	591	213
146	408	431
146	319	434
146	339	642
146	427	596
146	428	490
147	591	60
147	478	213
147	428	370
147	339	388
147	424	434
147	319	490
147	427	554
147	408	596
148	408	47
148	591	60
148	478	213
148	427	370
148	424	431
148	319	434
148	428	490
148	339	554
149	319	47
149	428	320
149	424	370
149	427	388
149	591	490
149	478	554
150	424	213
150	408	320
150	427	370
150	428	388
150	319	431
150	478	434
150	339	554
150	591	596
151	319	642
151	591	320
151	408	554
151	427	388
151	428	213
151	424	47
152	427	596
152	339	490
152	319	320
152	591	370
152	408	642
152	424	431
153	408	434
153	428	431
153	424	320
153	427	642
153	591	596
153	478	554
153	339	388
154	31	24
154	81	203
154	151	360
154	160	497
154	196	527
154	274	557
154	327	598
155	280	497
155	196	598
155	327	24
155	167	434
155	591	214
155	132	557
155	81	620
155	274	203
155	522	360
155	428	527
156	31	203
156	81	214
156	167	497
156	280	360
156	309	527
156	313	620
156	428	557
156	480	598
157	31	598
157	81	620
157	274	434
157	280	557
157	309	360
157	313	527
157	428	24
157	480	497
157	522	203
158	31	620
158	132	497
158	160	596
158	196	360
158	309	557
158	522	434
159	313	203
159	522	557
159	196	598
159	591	527
159	480	360
159	160	620
159	327	596
160	132	434
160	428	360
160	81	620
160	274	203
160	167	497
160	591	527
160	31	557
160	160	214
160	196	596
161	196	598
161	480	24
161	428	620
161	309	527
161	591	557
161	31	214
161	151	596
161	132	360
161	167	497
161	522	434
161	280	203
162	31	24
162	81	203
162	160	360
162	167	434
162	309	497
162	313	557
162	327	596
162	522	598
163	274	214
163	309	24
163	480	527
163	81	620
163	31	598
163	167	360
163	327	434
163	132	557
163	428	596
163	313	203
163	591	497
164	274	557
164	167	598
164	160	620
164	591	497
164	480	203
164	31	24
164	428	434
164	309	360
165	428	24
165	167	203
165	591	214
165	151	434
165	309	497
165	480	557
165	327	598
166	508	217
166	563	491
166	357	576
166	172	509
166	36	436
166	151	83
166	478	288
166	467	401
166	10	24
166	6	257
167	6	509
167	151	83
167	172	288
167	357	576
167	467	401
167	478	436
167	508	24
168	6	257
168	36	401
168	172	24
168	357	288
168	467	576
168	478	491
169	151	24
169	172	83
169	357	217
169	467	288
169	478	491
169	508	509
170	467	509
170	6	491
170	10	401
170	478	288
170	36	576
170	151	436
170	357	24
170	508	83
170	563	217
170	172	257
171	36	257
171	467	401
171	563	576
171	478	436
171	6	217
171	357	288
171	508	491
171	151	509
172	151	436
172	172	401
172	508	217
172	357	288
172	467	491
172	10	576
172	478	24
172	563	83
172	36	509
173	151	491
173	478	436
173	36	217
173	357	257
173	172	509
173	563	83
173	467	576
173	6	24
173	10	288
173	508	401
174	10	83
174	508	217
174	563	288
174	357	436
174	36	491
174	172	509
175	6	83
175	10	491
175	36	288
175	357	509
175	478	576
175	508	436
176	606	70
176	371	203
176	96	219
176	635	221
176	29	405
176	298	431
176	117	466
177	34	20
177	96	70
177	117	219
177	261	466
177	298	536
177	371	556
177	608	617
178	608	73
178	371	186
178	228	431
178	29	219
178	339	20
178	79	536
178	408	203
178	298	405
178	606	221
178	117	70
178	261	620
178	96	543
178	34	466
178	635	617
179	29	221
179	34	186
179	79	73
179	96	405
179	228	620
179	261	617
179	298	20
179	339	203
179	371	431
179	408	219
180	96	20
180	371	55
180	261	58
180	79	70
180	34	73
180	228	186
180	408	203
180	298	221
180	339	405
180	608	431
180	117	536
180	29	543
180	606	556
180	635	617
181	608	431
181	117	221
181	339	219
181	79	405
181	228	58
181	96	620
181	29	536
181	635	73
181	371	466
181	606	186
181	34	617
182	371	536
182	635	405
182	608	219
182	228	221
182	34	55
182	339	58
182	606	556
182	408	73
182	29	466
182	96	20
182	298	620
182	261	70
183	34	620
183	79	20
183	96	466
183	117	221
183	228	556
183	261	55
183	298	58
183	339	219
183	408	70
183	606	536
183	608	617
184	261	20
184	635	55
184	79	58
184	298	70
184	606	73
184	117	186
184	608	203
184	371	219
184	96	221
184	228	431
184	339	466
184	29	536
184	34	543
184	408	617
185	228	466
185	34	536
185	79	431
185	29	405
185	96	219
185	261	203
185	608	20
185	117	58
185	606	186
185	371	620
185	298	543
185	635	73
185	408	617
186	612	102
186	551	130
186	105	178
186	201	410
186	403	527
186	371	553
186	366	594
187	284	110
187	235	178
187	592	205
187	551	219
187	371	221
187	612	248
187	299	367
187	521	446
187	366	471
187	403	487
187	435	527
187	85	594
188	284	102
188	546	110
188	592	130
188	366	170
188	403	205
188	551	219
188	612	221
188	299	446
188	211	471
188	85	487
188	201	572
188	435	594
189	201	446
189	612	527
189	551	170
189	105	219
189	299	130
189	85	178
189	284	621
189	521	572
189	211	248
189	403	221
189	366	102
189	592	367
189	371	553
189	546	110
189	235	410
189	435	205
190	366	102
190	612	110
190	211	219
190	521	410
190	284	446
190	235	471
190	546	487
190	551	553
190	299	594
191	435	594
191	592	219
191	105	102
191	546	170
191	211	410
191	612	130
191	403	446
191	201	110
191	85	471
191	366	178
191	371	553
191	299	205
191	551	621
191	521	487
192	85	102
192	403	205
192	211	221
192	592	367
192	435	410
192	235	471
192	105	527
192	612	553
193	366	446
193	546	410
193	403	102
193	371	178
193	211	487
193	592	621
193	85	471
193	612	553
193	201	594
194	592	102
194	435	110
194	366	130
194	211	170
194	403	205
194	551	219
194	371	221
194	284	410
194	612	446
194	546	471
194	235	487
194	299	527
194	105	572
195	435	221
195	612	219
195	105	205
195	403	102
195	546	367
195	85	248
195	371	453
195	592	621
195	521	527
195	366	410
195	211	553
195	299	446
195	201	170
195	284	487
195	551	110
195	235	178
196	85	102
196	201	110
196	235	170
196	284	367
196	299	453
196	371	471
196	435	487
196	521	527
196	551	572
196	592	594
197	521	453
197	85	527
197	235	102
197	201	130
197	403	248
197	592	219
197	371	621
197	612	487
197	435	594
197	105	410
198	26	532
198	51	627
198	108	399
198	153	543
198	395	614
198	459	610
198	501	378
198	552	38
199	501	216
199	51	378
199	650	399
199	153	526
199	352	610
199	108	614
200	26	38
200	51	78
200	108	109
200	153	128
200	242	216
200	275	378
200	305	407
200	352	431
200	357	493
200	395	526
200	421	532
200	459	543
200	501	560
200	552	610
200	639	614
201	352	78
201	153	109
201	552	216
201	650	378
201	26	399
201	395	431
201	275	493
201	108	560
201	305	614
202	275	399
202	26	560
202	395	497
202	153	78
202	501	627
202	305	38
202	421	216
202	650	431
202	51	526
202	639	493
202	242	128
203	650	543
203	421	610
203	395	128
203	501	407
203	275	216
203	352	109
203	357	627
203	305	532
203	26	560
203	639	431
203	51	78
203	242	399
203	552	493
203	459	497
203	153	614
203	108	526
204	357	109
204	395	216
204	51	526
204	305	543
204	459	493
204	153	627
204	242	614
204	108	560
204	501	38
204	552	378
204	650	497
204	26	532
204	352	78
204	421	407
204	639	128
204	275	610
205	421	78
205	352	109
205	275	128
205	357	216
205	552	378
205	650	407
205	501	431
205	51	493
205	305	526
205	242	532
205	26	543
205	395	560
206	26	399
206	51	560
206	108	431
206	153	627
206	275	526
206	305	610
206	357	128
206	395	493
206	552	614
206	639	378
207	501	560
207	51	497
207	108	378
207	305	407
207	650	493
207	153	543
207	395	38
207	357	78
207	352	532
207	639	431
207	275	109
207	459	526
207	421	627
207	552	216
207	26	128
208	51	38
208	352	78
208	421	109
208	108	128
208	639	216
208	650	378
208	305	399
208	275	407
208	501	497
208	395	526
208	153	532
208	357	543
208	26	560
208	242	610
208	552	614
209	421	532
209	275	614
209	650	560
209	395	78
209	26	497
209	51	543
209	242	378
209	552	128
209	639	493
209	459	610
209	357	399
209	501	627
209	305	109
209	352	216
209	108	431
210	153	38
210	242	78
210	305	128
210	357	378
210	395	399
210	459	493
210	501	526
210	552	543
211	26	38
211	153	109
211	275	399
211	352	407
211	357	493
211	395	497
211	421	526
211	459	532
211	501	543
211	552	610
212	552	128
212	459	378
212	650	399
212	639	407
212	352	532
212	51	543
212	421	614
213	26	610
213	51	216
213	108	128
213	242	493
213	357	627
213	395	560
213	421	526
213	459	109
213	501	497
213	552	378
213	639	431
214	153	38
214	26	78
214	108	109
214	51	128
214	357	407
214	352	431
214	459	493
214	650	497
214	305	532
214	275	543
214	552	560
214	501	614
215	96	73
215	646	221
215	233	272
215	242	300
215	313	453
215	67	460
215	89	533
215	66	558
215	347	597
216	66	610
216	89	272
216	231	488
216	233	476
216	242	513
216	277	566
216	313	597
216	347	460
217	26	73
217	646	221
217	347	272
217	265	316
217	66	340
217	242	453
217	233	513
217	231	533
217	89	566
218	67	340
218	313	558
218	26	460
218	233	610
218	646	463
218	265	513
218	89	597
218	242	476
218	231	221
219	96	73
219	277	152
219	231	221
219	242	272
219	347	316
219	233	340
219	646	460
219	313	476
219	67	488
219	89	558
219	265	566
219	66	597
220	265	316
220	646	460
220	313	513
220	66	558
220	233	566
220	242	597
221	347	476
221	242	597
221	96	73
221	265	566
221	646	610
221	89	152
221	277	533
222	66	453
222	233	272
222	89	488
222	96	221
222	265	152
222	26	73
222	231	513
222	242	300
222	277	597
222	347	566
222	646	340
222	67	610
222	313	533
223	96	272
223	26	300
223	66	340
223	265	460
223	231	476
223	242	488
223	646	533
223	233	558
223	89	566
223	67	597
224	233	300
224	96	463
224	231	221
224	277	566
224	66	73
224	313	460
224	242	476
224	265	610
224	89	597
224	646	340
224	347	453
225	646	463
225	347	610
225	66	558
225	67	460
225	26	340
225	233	566
225	313	316
225	89	272
225	231	476
225	242	300
225	265	488
226	567	283
226	637	624
226	125	64
226	8	287
226	585	512
226	645	496
226	277	152
226	528	527
227	125	102
227	184	287
227	277	476
227	443	489
227	528	496
227	585	512
227	637	527
228	184	58
228	567	64
228	645	102
228	8	212
228	277	287
228	299	367
228	528	512
229	645	624
229	452	367
229	631	512
229	8	496
229	184	294
229	585	149
229	277	489
229	567	314
229	299	115
229	637	58
230	637	624
230	452	64
230	299	294
230	8	496
230	645	476
230	585	367
230	443	149
230	125	283
230	184	512
230	528	287
230	567	161
230	631	102
231	8	496
231	567	115
231	631	624
231	452	294
231	125	314
231	184	212
231	585	152
231	528	102
231	645	476
231	299	527
231	277	512
231	637	283
231	443	365
232	637	283
232	184	212
232	125	64
232	443	149
232	277	58
232	567	115
232	8	367
232	452	624
232	528	489
232	645	476
232	631	527
232	299	512
233	452	496
233	443	115
233	645	58
233	299	64
233	585	314
233	8	527
233	528	152
233	567	512
233	277	294
233	637	212
233	631	365
233	184	624
234	125	624
234	277	283
234	443	212
234	452	476
234	528	58
234	585	367
234	637	527
235	631	58
235	637	64
235	184	115
235	8	149
235	585	161
235	645	283
235	528	287
235	443	314
235	299	365
235	125	367
235	277	476
235	567	496
235	452	527
236	423	603
236	546	267
236	202	270
236	508	279
236	590	98
236	379	128
236	305	170
237	21	323
237	59	77
237	546	130
237	590	216
237	305	73
237	423	267
237	202	603
237	379	279
237	508	554
238	379	603
238	508	279
238	202	557
238	546	170
238	590	187
238	59	323
238	21	267
239	546	73
239	21	98
239	305	130
239	59	323
239	590	554
239	423	557
240	379	603
240	423	73
240	590	130
240	21	187
240	546	98
240	59	557
240	202	279
240	305	270
241	590	77
241	21	98
241	423	170
241	546	216
241	202	267
241	59	270
241	305	279
241	508	554
241	379	557
242	202	73
242	59	77
242	508	187
242	590	267
242	423	270
242	21	323
242	546	554
242	379	557
243	59	130
243	202	135
243	21	557
243	508	187
243	305	170
243	423	603
243	379	323
243	590	77
244	379	270
244	423	128
244	59	279
244	590	187
244	305	216
244	508	603
244	202	323
245	423	73
245	546	77
245	590	130
245	21	135
245	202	187
245	379	279
246	514	56
246	612	148
246	194	195
246	319	213
246	84	249
246	239	272
246	386	301
246	9	349
246	151	382
246	215	402
246	165	542
247	151	55
247	165	195
247	239	249
247	386	272
247	514	349
247	515	460
247	546	537
248	386	301
248	215	348
248	165	272
248	319	605
248	514	197
248	612	542
248	194	148
248	546	195
249	546	605
249	165	382
249	84	56
249	215	197
249	612	348
249	514	460
249	151	301
249	386	402
249	515	249
249	194	537
249	319	349
250	215	197
250	515	542
250	84	382
250	9	148
250	165	249
250	151	213
250	386	460
250	194	349
250	546	402
250	612	257
250	514	56
250	319	605
250	239	301
251	151	402
251	194	537
251	215	349
251	239	605
251	386	56
251	514	148
251	515	249
252	194	402
252	165	542
252	515	257
252	151	195
252	514	272
252	612	605
252	239	249
252	84	148
252	546	213
252	215	382
252	9	197
252	319	349
253	215	605
253	319	197
253	546	402
253	151	542
253	165	213
253	194	537
253	515	257
253	9	382
253	514	56
253	239	349
253	612	460
253	84	348
254	215	55
254	9	56
254	319	148
254	386	249
254	612	257
254	515	402
254	514	460
254	546	537
254	194	542
255	239	605
255	612	272
255	9	257
255	319	249
255	151	402
255	514	382
256	395	204
256	421	572
256	403	53
256	50	510
256	188	372
256	562	341
256	611	296
256	571	640
256	590	222
257	562	648
257	611	204
257	395	324
257	403	216
257	545	496
257	321	640
257	310	93
258	50	204
258	395	490
258	590	53
258	310	510
258	571	324
258	545	372
258	188	341
258	321	216
258	403	296
258	562	222
258	611	93
259	50	53
259	188	372
259	310	341
259	395	296
259	531	536
259	590	222
260	531	372
260	403	572
260	188	3
260	421	324
260	395	490
260	184	648
260	545	216
260	611	341
261	590	93
261	403	204
261	321	324
261	571	372
261	50	3
261	421	341
261	611	510
262	188	572
262	545	222
262	590	648
262	310	93
262	421	216
262	562	53
262	531	372
262	403	324
262	611	640
262	184	3
262	395	496
262	50	341
263	590	204
263	310	490
263	50	536
263	184	3
263	403	222
263	562	216
263	611	648
263	545	372
264	611	648
264	545	204
264	571	490
264	421	572
264	321	53
264	590	341
265	590	572
265	184	324
265	395	568
265	421	640
265	571	216
265	188	3
265	403	93
265	611	53
265	50	510
266	188	124
266	84	185
266	352	213
266	585	214
266	350	315
266	19	346
266	275	382
266	167	399
266	2	425
266	66	512
266	571	524
267	14	213
267	271	315
267	350	382
267	252	197
267	585	214
267	352	524
267	19	597
268	2	411
268	121	124
268	252	593
268	275	597
268	350	315
268	352	346
269	2	185
269	14	411
269	19	524
269	66	197
269	167	124
269	188	512
269	275	399
269	350	213
269	352	597
269	455	214
269	571	425
270	252	315
270	350	124
270	352	593
270	585	597
270	19	185
270	14	214
270	455	382
270	571	399
270	167	346
271	2	597
271	14	524
271	84	197
271	188	593
271	252	512
271	271	185
271	275	213
271	352	214
271	571	346
272	2	185
272	14	197
272	66	213
272	84	315
272	167	346
272	252	382
272	275	425
272	352	512
272	571	593
273	2	214
273	19	213
273	66	185
273	84	399
273	167	315
273	252	593
273	271	425
273	352	512
273	455	597
273	571	197
274	271	214
274	585	524
274	19	425
274	84	597
274	66	399
274	571	197
274	252	213
274	121	593
275	571	597
275	352	213
275	275	512
275	350	197
275	271	185
275	84	425
275	66	411
275	19	399
275	121	124
275	585	214
275	167	524
275	455	315
276	105	44
276	644	75
276	628	113
276	280	119
276	211	330
276	121	348
276	584	383
276	356	493
276	609	506
276	233	621
277	59	44
277	105	75
277	121	113
277	211	119
277	233	330
277	280	348
277	356	400
277	584	493
277	609	506
278	105	113
278	584	186
278	121	119
278	280	330
278	211	493
278	644	75
278	233	44
278	628	383
278	59	624
278	609	506
278	356	621
279	609	383
279	233	506
279	105	44
279	280	186
279	211	75
279	59	624
279	644	113
279	584	119
279	628	493
279	121	621
280	233	400
280	121	113
280	211	383
280	609	330
280	644	624
280	280	348
280	584	75
280	105	506
280	356	119
281	233	44
281	121	75
281	59	113
281	356	119
281	584	330
281	644	348
281	609	383
281	105	493
281	280	506
281	628	621
282	609	186
282	644	348
282	584	400
282	280	330
282	211	383
282	628	44
282	356	624
282	233	493
282	59	506
282	105	75
282	121	113
283	105	348
283	211	119
283	644	383
283	59	506
283	609	621
283	280	624
284	121	186
284	644	330
284	584	624
284	609	75
284	233	44
284	59	621
284	280	400
285	59	119
285	105	506
285	211	348
285	233	113
285	280	621
285	356	624
286	280	44
286	121	113
286	584	186
286	644	348
286	105	400
286	628	493
287	121	44
287	59	75
287	609	113
287	628	330
287	233	383
287	644	400
287	105	493
287	280	506
287	356	621
288	121	400
288	211	75
288	105	44
288	233	493
288	280	506
288	644	624
288	59	621
288	356	186
288	628	383
288	584	119
289	280	113
289	59	119
289	105	186
289	356	348
289	609	400
289	644	506
290	280	75
290	59	113
290	609	119
290	211	330
290	644	383
290	356	400
290	628	493
290	105	506
290	233	621
291	584	44
291	356	75
291	59	113
291	121	119
291	644	186
291	280	330
291	105	506
292	59	75
292	105	186
292	211	624
292	233	44
292	280	400
292	356	113
293	233	330
293	584	493
293	628	506
293	211	383
293	356	119
293	609	400
293	644	44
293	59	186
293	121	75
293	105	621
293	280	624
294	628	383
294	644	493
294	211	186
294	356	400
294	233	624
294	280	119
295	105	330
295	356	113
295	233	624
295	609	383
295	628	493
295	644	506
296	319	64
296	322	171
296	28	250
296	595	288
296	508	470
296	393	526
296	299	577
297	302	547
297	319	64
297	322	288
297	371	577
297	28	171
297	325	507
297	393	250
297	595	526
297	508	470
297	278	55
297	239	454
297	299	622
297	142	39
298	28	39
298	142	186
298	239	288
298	278	470
298	325	507
298	393	547
299	278	547
299	319	186
299	317	454
299	595	622
299	322	39
299	302	288
299	239	526
299	142	64
299	299	577
299	371	507
299	325	171
299	28	470
300	28	470
300	142	64
300	278	288
300	299	39
300	302	622
300	317	171
300	319	507
300	322	577
300	325	250
300	371	186
300	393	454
301	371	577
301	299	171
301	317	39
301	322	470
301	508	526
301	28	64
301	595	547
301	278	507
301	142	288
301	393	622
301	319	454
301	325	186
301	302	250
301	239	55
302	239	454
302	317	577
302	319	250
302	322	622
302	371	288
302	508	186
303	239	526
303	317	454
303	393	288
303	508	186
303	325	622
303	371	64
303	322	55
303	278	547
303	28	507
303	142	577
303	299	470
303	319	39
303	595	171
303	302	250
304	371	39
304	142	64
304	239	171
304	317	186
304	322	250
304	302	288
304	595	507
304	325	526
304	299	577
305	371	547
305	239	507
305	142	55
305	319	64
305	278	577
305	325	622
305	322	526
305	299	186
305	508	171
305	317	288
305	28	250
305	595	39
306	595	55
306	322	622
306	142	470
306	317	454
306	299	186
306	28	171
306	325	507
306	319	39
306	278	577
306	239	250
306	393	526
307	28	55
307	142	64
307	302	250
307	317	288
307	322	454
307	325	507
307	508	526
308	278	186
308	393	55
308	239	526
308	371	507
308	325	64
308	299	288
308	322	547
308	28	622
308	142	470
308	595	250
308	508	171
308	317	577
308	302	39
309	25	594
309	34	586
309	157	115
309	175	307
309	194	344
309	202	169
309	271	35
309	284	431
310	439	115
310	1	574
310	25	431
310	501	594
310	72	262
310	271	169
310	643	404
311	1	307
311	25	344
311	34	115
311	72	574
311	157	586
311	175	35
311	182	404
311	194	594
311	284	262
311	393	169
312	439	262
312	175	307
312	501	35
312	643	594
312	72	404
312	202	169
312	34	574
313	25	169
313	284	594
313	182	404
313	34	115
313	202	344
313	439	574
313	271	307
313	501	35
313	643	586
313	1	262
314	25	35
314	34	115
314	1	262
314	194	307
314	202	344
314	643	404
314	393	431
314	175	574
314	271	586
315	643	431
315	34	344
315	284	262
315	1	594
315	271	115
315	393	307
315	72	586
315	25	574
316	1	586
316	25	431
316	34	115
316	72	35
316	157	169
316	175	574
316	202	307
316	271	344
316	284	404
316	439	262
316	501	594
317	1	404
317	25	35
317	34	262
317	157	594
317	175	307
317	202	586
317	284	574
317	393	344
317	439	431
317	501	115
318	34	115
318	72	344
318	157	307
318	182	35
318	194	404
318	202	169
318	271	431
318	284	594
318	439	262
318	501	586
319	643	344
319	202	594
319	501	586
319	1	262
319	439	574
319	393	431
319	34	307
319	175	404
319	182	35
320	467	44
320	59	56
320	629	245
320	121	287
320	201	376
320	120	586
321	459	56
321	151	73
321	120	245
321	467	287
321	175	376
321	59	383
321	629	481
322	201	640
322	86	481
322	120	245
322	121	376
322	629	383
322	48	73
322	467	430
322	459	56
322	59	44
323	48	56
323	59	245
323	86	287
323	120	376
323	175	383
323	201	430
323	467	586
324	48	383
324	86	430
324	107	44
324	120	287
324	175	640
324	201	56
324	459	245
324	467	376
324	535	341
324	587	586
325	48	586
325	535	376
325	629	640
325	467	245
325	459	287
325	121	341
325	120	481
325	59	44
325	86	430
325	201	73
325	151	56
326	120	430
326	629	245
326	535	56
326	459	586
326	121	287
326	175	376
326	587	640
326	86	383
326	107	44
326	151	73
327	48	287
327	59	341
327	86	640
327	107	383
327	120	481
327	121	44
327	467	586
327	535	376
327	587	245
328	107	44
328	467	56
328	629	245
328	120	287
328	587	341
328	535	376
328	121	383
328	459	430
328	175	481
329	121	430
329	86	383
329	107	245
329	459	376
329	48	341
329	629	56
329	120	73
329	151	287
329	201	44
329	59	640
329	587	586
329	535	481
330	48	56
330	201	44
330	86	640
330	107	376
330	121	430
330	175	481
330	59	586
330	535	383
330	151	287
330	629	341
331	587	44
331	629	56
331	535	73
331	59	376
331	459	383
331	175	430
331	201	586
332	535	56
332	120	376
332	467	481
332	48	341
332	587	383
332	629	287
332	175	44
332	107	430
332	86	586
332	151	73
332	59	640
332	459	245
333	59	56
333	107	245
333	120	287
333	151	341
333	201	376
333	459	430
333	467	481
334	253	383
334	629	312
334	243	103
334	59	360
334	473	417
334	18	483
334	337	4
334	647	613
334	10	256
334	96	572
334	132	399
334	505	171
335	243	4
335	505	103
335	18	119
335	502	256
335	647	282
335	253	360
335	172	399
335	59	479
336	303	613
336	172	171
336	502	399
336	18	4
336	96	383
336	337	572
336	647	312
336	243	417
336	59	119
336	473	599
337	162	483
337	243	479
337	18	4
337	337	599
337	629	281
337	10	399
337	303	383
337	172	613
337	647	119
337	473	282
337	59	171
337	253	103
338	10	103
338	303	171
338	647	256
338	59	417
338	18	479
338	473	483
338	505	572
338	253	599
339	59	360
339	629	171
339	172	572
339	132	312
339	647	399
339	253	479
339	505	281
339	10	613
339	502	491
339	243	599
339	18	282
339	162	119
339	473	483
340	172	171
340	505	483
340	629	4
340	647	312
340	10	383
340	243	256
340	162	613
340	337	479
340	96	417
340	132	399
340	502	599
341	10	4
341	18	119
341	59	256
341	162	360
341	172	383
341	243	399
341	303	417
341	337	479
341	473	491
341	502	599
342	253	4
342	10	360
342	303	281
342	96	572
342	647	312
342	18	483
342	243	479
342	505	399
342	59	383
342	473	613
342	132	282
342	502	599
343	337	119
343	473	256
343	647	281
343	18	282
343	505	312
343	59	360
343	502	483
344	96	4
344	172	119
344	253	256
344	473	312
344	502	399
344	629	479
345	337	4
345	505	103
345	253	171
345	59	256
345	10	281
345	629	282
345	502	312
345	132	360
345	18	383
345	473	399
345	96	479
345	243	483
345	647	491
345	303	572
345	172	599
346	10	603
346	18	260
346	108	369
346	142	111
346	165	404
346	386	267
347	608	369
347	165	207
347	34	17
347	534	205
347	611	260
347	142	111
347	10	11
347	18	404
347	386	603
347	337	486
347	92	383
347	31	267
348	10	603
348	31	383
348	34	111
348	108	11
348	142	267
348	165	260
348	534	369
348	606	486
348	608	207
349	10	267
349	18	603
349	31	260
349	92	486
349	386	11
349	601	205
349	606	111
350	10	404
350	18	603
350	34	260
350	92	267
350	337	207
350	386	205
350	601	383
351	34	207
351	92	260
351	108	603
351	386	17
351	534	267
351	606	486
351	608	111
352	18	603
352	34	260
352	142	404
352	165	267
352	337	486
352	386	11
352	601	205
352	606	207
352	608	383
353	337	11
353	611	205
353	18	207
353	142	260
353	386	383
353	10	486
354	10	383
354	31	369
354	92	603
354	108	404
354	142	486
354	386	260
354	606	11
355	18	404
355	337	17
355	165	603
355	534	486
355	601	267
355	611	11
355	608	383
355	142	369
356	165	11
356	606	17
356	601	111
356	18	207
356	142	260
356	34	267
356	92	369
356	611	383
356	337	404
356	108	486
357	611	205
357	31	267
357	34	603
357	337	207
357	608	404
357	606	17
358	18	260
358	34	603
358	108	369
358	165	486
358	534	267
358	601	17
359	108	603
359	386	111
359	92	17
359	34	369
359	606	486
359	611	267
360	10	260
360	18	369
360	31	603
360	34	205
360	142	11
360	386	111
360	534	267
360	601	404
360	606	207
360	608	17
361	386	383
361	601	369
361	142	486
361	10	603
361	611	11
361	34	260
361	534	17
361	165	404
362	534	383
362	34	11
362	108	404
362	611	267
362	601	603
362	606	111
362	10	369
362	608	17
362	386	205
362	337	207
362	142	486
363	10	267
363	31	11
363	34	205
363	108	111
363	142	603
363	165	369
363	337	404
363	534	17
363	601	383
363	606	486
363	608	207
364	108	205
364	611	260
364	606	369
364	34	603
364	386	383
364	534	404
364	142	111
365	534	404
365	10	369
365	142	205
365	611	260
365	608	111
365	386	11
365	165	207
365	606	603
365	31	383
365	337	486
366	347	251
366	437	429
366	22	432
366	521	444
366	452	566
366	646	397
366	563	506
367	22	203
367	321	251
367	347	397
367	437	429
367	521	432
367	563	444
367	571	493
367	591	506
367	643	533
368	188	533
368	321	506
368	521	52
368	347	251
368	591	493
368	643	444
368	563	429
368	571	566
368	22	397
368	437	191
368	646	432
368	452	203
369	646	52
369	452	429
369	347	191
369	643	432
369	321	493
369	437	397
369	521	566
370	22	52
370	188	191
370	321	251
370	347	397
370	437	432
370	452	444
370	563	493
370	571	533
371	643	52
371	347	191
371	188	203
371	521	251
371	321	397
371	591	429
371	571	432
371	437	444
371	646	493
371	563	533
372	563	397
372	452	429
372	321	566
372	643	432
372	591	251
372	646	506
372	571	203
372	188	444
373	188	52
373	321	203
373	347	251
373	437	493
373	571	506
373	643	533
374	521	397
374	643	203
374	22	52
374	591	493
374	571	566
374	188	506
374	646	251
374	347	191
374	452	444
374	321	429
374	563	432
374	437	533
375	563	191
375	188	251
375	321	429
375	646	533
375	521	203
375	22	397
375	571	432
375	643	506
375	347	444
375	452	52
375	437	566
375	591	493
376	521	52
376	22	444
376	563	429
376	437	506
376	646	566
376	347	533
376	321	397
376	571	203
376	452	251
376	188	493
376	643	432
377	643	533
377	646	566
377	188	444
377	321	429
377	563	506
377	452	493
377	521	52
377	591	191
377	347	432
377	22	397
377	571	251
377	437	203
378	437	52
378	571	191
378	22	397
378	452	432
378	646	444
378	521	493
379	591	191
379	321	203
379	188	251
379	452	397
379	571	429
379	643	432
379	646	444
379	563	493
379	347	533
380	22	52
380	321	251
380	347	191
380	452	506
380	521	493
380	571	429
380	591	566
381	215	600
381	467	147
381	31	586
381	226	143
381	595	290
381	6	354
381	590	549
381	297	264
381	563	307
381	626	155
382	6	290
382	31	600
382	215	549
382	226	264
382	277	354
382	297	586
382	408	143
382	563	155
382	590	307
382	595	436
383	297	290
383	277	264
383	215	586
383	563	354
383	590	155
383	595	147
383	226	436
383	626	143
383	31	600
384	590	143
384	408	147
384	215	264
384	226	290
384	626	436
384	6	586
385	31	600
385	590	155
385	277	586
385	467	549
385	626	290
385	86	264
385	297	307
385	408	147
385	595	436
386	297	147
386	626	143
386	563	586
386	86	436
386	595	600
386	226	155
386	215	290
386	408	307
386	31	549
386	467	354
387	408	147
387	297	155
387	31	307
387	277	549
387	595	436
387	590	143
387	215	290
387	467	354
387	626	600
388	6	155
388	86	264
388	408	290
388	226	307
388	626	436
388	297	549
389	31	549
389	277	600
389	590	307
389	86	290
389	626	354
389	6	143
389	595	586
389	215	155
389	563	436
389	467	264
390	226	264
390	31	600
390	297	147
390	626	290
390	277	307
390	408	586
390	467	354
390	86	155
391	6	307
391	86	354
391	215	155
391	277	143
391	408	436
391	467	600
391	590	586
392	389	417
392	602	523
392	176	296
392	415	449
392	42	221
392	65	487
392	625	430
392	2	373
392	651	191
392	421	222
393	65	296
393	415	417
393	336	373
393	521	221
393	243	523
393	602	222
394	625	430
394	415	523
394	2	221
394	389	373
394	65	417
394	602	222
394	651	449
395	602	296
395	336	523
395	508	222
395	625	221
395	389	487
395	2	417
396	602	221
396	176	487
396	421	449
396	508	373
396	625	417
396	415	222
396	389	523
397	602	296
397	521	221
397	421	373
397	336	523
397	508	417
397	651	191
397	415	430
398	421	449
398	8	487
398	42	222
398	243	191
398	415	430
398	389	523
399	602	487
399	391	222
399	8	373
399	625	523
399	651	449
399	243	191
400	625	487
400	65	417
400	8	523
400	391	191
400	508	222
400	521	221
400	415	373
400	176	296
401	602	373
401	176	449
401	421	191
401	625	487
401	42	430
401	415	222
401	389	221
401	2	523
402	602	221
402	176	373
402	421	417
402	391	523
402	336	296
402	508	487
402	8	449
402	243	222
402	2	430
403	602	191
403	421	221
403	336	296
403	508	373
403	625	417
403	243	449
403	389	487
404	313	225
404	265	324
404	293	331
404	650	368
404	36	404
404	276	527
405	265	404
405	650	527
405	515	331
405	276	82
405	36	433
405	209	57
405	649	490
405	293	225
405	284	617
405	585	324
405	313	536
406	284	57
406	293	61
406	265	82
406	650	254
406	209	286
406	515	324
406	313	331
406	36	404
406	649	432
406	276	488
406	585	493
407	515	488
407	649	368
407	650	432
407	36	61
407	276	82
407	313	493
407	284	617
407	265	527
407	293	254
407	209	294
408	313	368
408	585	617
408	36	488
408	650	493
408	649	432
408	293	82
408	515	254
409	36	225
409	284	294
409	313	433
409	515	488
409	585	527
409	649	536
410	36	82
410	209	225
410	276	254
410	284	286
410	293	294
410	313	324
410	585	488
411	36	57
411	209	254
411	276	286
411	293	324
411	313	432
411	585	536
412	36	404
412	276	490
412	284	488
412	649	57
412	585	331
412	650	225
412	265	324
412	313	617
412	515	493
412	293	433
413	209	57
413	36	61
413	650	225
413	313	254
413	649	294
413	276	331
413	585	368
413	293	433
413	515	490
413	265	536
414	36	488
414	209	527
414	265	286
414	293	254
414	515	82
414	649	617
415	631	419
415	371	373
415	552	372
415	347	307
415	414	540
415	645	256
415	588	152
415	357	144
415	172	448
416	347	152
416	552	206
416	357	256
416	631	307
416	414	326
416	645	372
416	172	373
416	588	419
416	371	448
417	347	144
417	357	206
417	371	256
417	552	326
417	588	373
417	631	419
418	357	144
418	588	152
418	347	206
418	552	256
418	631	307
418	172	326
418	414	372
418	645	448
419	347	206
419	588	256
419	552	307
419	172	326
419	645	372
419	371	419
419	357	448
420	414	206
420	347	326
420	371	372
420	631	152
420	552	307
420	357	373
420	645	540
421	347	256
421	357	419
421	414	540
421	552	152
421	588	372
421	631	448
422	631	152
422	414	206
422	588	373
422	172	326
422	645	144
422	552	419
422	371	540
422	357	372
422	347	256
423	414	372
423	631	206
423	357	326
423	347	307
423	588	256
423	172	448
423	371	540
423	552	152
423	645	419
424	552	419
424	414	372
424	172	206
424	357	326
424	645	152
424	588	540
425	153	613
425	157	245
425	176	148
425	292	360
425	293	144
425	374	418
425	501	212
425	520	463
426	176	613
426	639	405
426	49	7
426	381	38
426	153	245
426	520	148
426	10	360
427	49	613
427	639	360
427	292	418
427	79	245
427	10	38
427	293	463
427	374	144
427	631	7
427	520	148
428	153	148
428	381	7
428	631	418
428	157	470
428	520	245
428	501	38
428	639	613
428	176	463
428	49	144
429	374	212
429	381	245
429	153	360
429	79	38
429	639	470
429	520	468
429	10	613
429	157	418
429	176	405
429	516	463
429	49	7
429	292	144
429	501	148
430	516	405
430	79	144
430	381	418
430	639	360
430	520	613
430	49	245
430	157	38
430	292	470
430	176	212
430	153	463
430	631	148
431	49	245
431	501	470
431	79	144
431	10	148
431	639	613
431	516	418
431	520	360
431	176	405
431	157	38
432	10	38
432	49	144
432	153	360
432	157	418
432	374	463
432	381	470
433	639	470
433	520	613
433	176	7
433	516	405
433	381	463
433	631	212
433	10	360
433	79	245
433	153	144
433	49	38
433	293	418
434	79	7
434	153	38
434	176	144
434	292	212
434	293	245
434	501	360
434	520	468
434	631	470
435	96	618
435	153	282
435	233	240
435	317	509
435	339	199
435	384	138
435	406	195
435	480	442
435	518	12
436	317	542
436	518	618
436	552	240
436	243	410
436	233	199
436	96	12
436	390	282
436	153	138
436	406	509
436	339	442
436	426	195
437	202	192
437	339	195
437	96	240
437	480	410
437	153	442
437	552	509
437	243	542
438	518	138
438	552	192
438	384	195
438	202	199
438	153	240
438	339	282
438	390	442
438	426	509
438	96	542
439	96	618
439	317	509
439	339	240
439	384	542
439	390	442
439	480	192
440	518	509
440	243	618
440	552	199
440	426	192
440	317	240
440	233	542
440	202	410
440	384	195
440	480	12
440	96	442
441	96	12
441	233	192
441	339	199
441	384	240
441	390	282
441	406	509
442	390	138
442	153	199
442	426	410
442	202	509
442	480	192
442	552	618
442	339	282
442	96	195
443	317	12
443	426	199
443	339	410
443	406	195
443	518	618
443	480	542
443	552	192
444	390	282
444	384	12
444	480	138
444	202	192
444	96	199
444	552	618
444	339	542
445	153	12
445	233	138
445	243	192
445	339	199
445	406	240
445	426	410
445	518	442
446	41	247
446	518	301
446	502	354
446	310	461
446	19	468
446	51	600
447	435	115
447	67	230
447	253	247
447	310	354
447	477	451
447	502	461
447	328	468
447	518	490
447	51	600
448	51	115
448	160	164
448	261	222
448	310	247
448	328	301
448	435	354
448	480	468
448	502	490
449	41	164
449	42	222
449	67	230
449	160	247
449	261	301
449	310	354
449	435	451
449	477	468
449	480	490
450	19	222
450	261	247
450	42	115
450	518	354
450	480	468
450	51	451
450	67	600
450	160	301
450	310	615
450	328	490
450	41	230
450	253	164
450	303	461
451	303	164
451	51	222
451	19	461
451	518	115
451	328	615
451	480	490
451	253	247
451	67	600
451	477	230
451	502	468
451	42	451
451	310	301
452	19	115
452	51	222
452	160	230
452	303	247
452	328	451
452	502	490
453	19	600
453	41	230
453	42	247
453	51	615
453	67	468
453	261	461
453	477	354
454	42	222
454	253	230
454	261	247
454	310	301
454	328	451
454	477	461
454	480	490
455	42	164
455	160	222
455	328	301
455	435	354
455	480	461
455	502	468
456	328	115
456	518	222
456	435	230
456	310	301
456	19	354
456	303	451
456	253	461
456	67	468
456	480	600
457	48	15
457	132	16
457	284	118
457	531	147
457	65	282
457	582	399
457	335	575
458	48	399
458	65	575
458	132	320
458	177	15
458	280	282
458	284	394
458	335	147
458	531	632
459	531	15
459	582	118
459	65	213
459	284	282
459	177	320
459	280	575
460	280	15
460	531	118
460	132	147
460	177	213
460	335	282
460	284	320
460	582	399
460	65	575
461	65	575
461	531	632
461	284	320
461	335	15
461	177	147
461	280	213
461	132	282
461	582	118
461	48	399
462	582	282
462	335	632
462	65	320
462	531	213
462	132	16
462	280	118
463	132	632
463	48	147
463	582	15
463	177	213
463	280	575
463	284	399
463	335	118
463	531	394
464	582	320
464	48	632
464	280	118
464	284	16
464	335	575
464	65	282
464	531	15
464	132	147
465	48	632
465	65	15
465	132	118
465	177	320
465	280	575
465	284	399
465	335	16
465	531	282
466	284	15
466	177	16
466	582	118
466	65	147
466	132	213
466	335	394
466	280	399
466	531	575
467	284	575
467	48	16
467	335	394
467	582	282
467	531	632
467	280	147
468	22	607
468	117	71
468	227	136
468	302	348
468	358	56
468	408	291
468	421	493
468	511	290
468	567	604
469	22	493
469	117	192
469	129	540
469	158	56
469	227	3
469	302	71
469	358	490
469	366	607
469	408	136
469	421	527
469	505	116
469	511	604
469	567	187
470	567	136
470	336	291
470	22	419
470	511	192
470	358	348
470	158	56
470	227	527
470	629	141
470	366	3
470	302	594
470	129	607
470	408	540
470	117	187
470	505	604
470	421	490
471	117	3
471	129	56
471	227	136
471	302	291
471	358	490
471	421	493
472	117	540
472	302	56
472	336	490
472	408	607
472	505	3
472	567	136
473	22	3
473	158	168
473	336	192
473	358	290
473	408	291
473	421	348
473	505	493
473	511	527
474	505	3
474	22	116
474	408	141
474	117	291
474	629	419
474	567	490
474	129	527
474	366	540
474	511	594
475	629	3
475	129	71
475	408	141
475	117	493
475	421	527
475	505	594
476	336	607
476	158	594
476	629	168
476	129	540
476	421	419
476	505	187
476	358	604
476	408	116
476	511	290
476	302	490
476	22	348
477	366	3
477	408	71
477	302	116
477	129	141
477	358	192
477	227	290
477	629	291
477	158	348
477	336	419
477	567	490
477	421	493
477	117	527
477	505	540
477	511	594
477	22	604
478	511	540
478	358	56
478	336	290
478	505	527
478	129	192
478	22	493
478	421	116
478	567	136
478	227	291
478	158	141
478	629	187
478	302	607
479	129	3
479	358	116
479	366	136
479	511	141
479	421	168
479	408	187
479	302	192
479	567	290
479	629	291
479	505	348
479	336	527
479	227	594
480	180	237
480	278	392
480	327	446
480	328	453
480	374	465
480	384	487
480	457	542
481	327	20
481	374	155
481	384	237
481	516	248
481	243	250
481	379	324
481	334	446
481	278	465
481	328	468
481	457	487
481	338	542
481	180	636
482	180	141
482	228	248
482	278	250
482	327	283
482	328	392
482	334	446
482	374	487
482	379	542
482	384	579
482	457	636
483	243	155
483	327	324
483	328	392
483	278	237
483	384	283
483	516	255
483	457	580
483	228	250
483	374	642
483	338	446
483	379	542
483	334	465
484	338	155
484	243	248
484	384	255
484	278	283
484	516	392
484	327	453
484	228	465
484	328	468
484	334	487
484	180	542
484	457	580
485	516	141
485	243	155
485	278	237
485	379	248
485	328	250
485	338	255
485	334	283
485	457	324
485	180	392
485	228	487
485	384	579
485	374	636
486	516	141
486	328	155
486	374	283
486	338	324
486	327	392
486	457	453
486	278	579
486	228	580
487	180	542
487	228	155
487	278	453
487	327	20
487	328	255
487	334	468
487	338	580
487	374	642
487	379	248
487	384	237
488	180	255
488	338	579
488	516	636
488	334	392
488	384	141
488	228	20
488	278	250
488	327	580
488	374	248
488	457	642
488	243	465
488	379	487
489	180	580
489	228	642
489	328	283
489	334	255
489	374	141
489	379	446
489	384	248
489	457	542
490	180	155
490	384	237
490	334	255
490	228	283
490	374	324
490	278	465
490	516	468
490	457	487
490	327	542
490	328	579
491	180	642
491	228	446
491	278	465
491	328	141
491	334	283
491	338	487
491	374	20
491	379	636
491	384	324
491	457	255
492	328	20
492	338	453
492	384	487
492	516	255
492	457	250
492	327	324
492	228	248
492	278	155
492	243	237
492	379	468
492	180	446
492	374	642
493	129	13
493	492	43
493	175	87
493	529	191
493	502	360
493	450	392
493	66	407
493	157	484
493	2	510
493	590	574
493	231	578
494	2	574
494	492	269
494	66	191
494	25	360
494	339	87
494	450	229
494	175	410
494	231	594
494	129	13
494	104	510
494	590	392
494	529	43
494	546	484
495	450	87
495	590	43
495	2	191
495	66	594
495	502	574
495	546	13
495	492	229
495	175	578
495	231	392
495	104	407
496	175	594
496	492	360
496	590	574
496	231	407
496	339	484
496	546	410
496	2	578
496	450	87
497	529	87
497	546	594
497	175	510
497	450	484
497	590	578
497	104	229
497	231	410
497	502	269
497	66	191
497	492	13
497	157	407
497	2	392
497	25	574
498	175	87
498	25	410
498	129	594
498	2	191
498	66	574
498	492	407
498	590	392
498	502	484
498	157	360
498	546	510
498	339	13
498	104	269
499	502	269
499	450	578
499	175	594
499	590	360
499	529	392
499	66	229
499	339	13
499	157	574
499	546	407
500	2	510
500	129	229
500	590	407
500	339	269
500	529	484
500	175	594
500	450	191
500	502	360
501	25	574
501	66	484
501	104	392
501	129	269
501	175	407
501	231	87
501	339	594
501	450	191
501	502	229
501	529	13
501	546	410
502	590	43
502	129	191
502	231	229
502	450	269
502	104	407
502	546	574
503	25	360
503	339	410
503	546	594
503	590	510
503	129	13
503	66	392
503	157	407
503	450	574
503	231	229
503	104	484
503	529	578
503	502	43
503	492	87
503	175	269
503	2	191
504	173	114
504	235	118
504	650	140
504	567	218
504	477	257
504	10	268
504	384	543
505	10	583
505	59	543
505	173	600
505	188	140
505	201	257
505	235	268
505	345	116
505	375	603
505	384	118
505	477	114
505	567	218
506	10	118
506	173	140
506	201	218
506	345	543
506	384	257
506	477	603
507	650	218
507	173	603
507	235	583
507	477	140
507	375	268
507	59	116
507	201	257
507	345	600
507	567	114
507	188	543
507	384	118
508	384	114
508	188	116
508	235	118
508	10	140
508	375	218
508	644	257
508	201	543
508	345	583
508	650	600
509	173	257
509	188	603
509	201	268
509	235	116
509	384	600
509	567	140
509	644	218
510	59	268
510	188	116
510	201	583
510	235	543
510	345	603
510	375	118
510	477	218
510	567	114
511	59	583
511	644	603
511	173	218
511	188	543
511	650	140
511	375	600
511	345	114
511	384	118
511	10	257
511	567	116
512	477	114
512	384	116
512	201	118
512	644	140
512	650	257
512	235	268
512	173	543
512	188	583
512	10	600
513	650	543
513	384	218
513	10	114
513	375	268
513	477	140
513	201	603
513	644	583
514	650	603
514	345	257
514	173	218
514	375	118
514	59	140
514	10	583
515	321	583
515	514	315
515	337	536
515	177	316
515	381	648
515	502	388
515	278	37
515	159	296
515	107	123
515	438	604
515	127	143
515	629	106
516	107	63
516	159	583
516	177	388
516	278	623
516	337	148
516	438	106
516	455	296
516	502	447
517	337	37
517	514	143
517	107	148
517	278	583
517	159	316
517	455	296
517	629	461
517	127	447
517	177	604
517	438	623
518	278	583
518	455	461
518	321	315
518	514	447
518	381	316
518	107	388
518	159	37
518	502	63
518	177	123
518	337	604
518	629	143
518	438	64
519	629	623
519	127	315
519	321	316
519	438	648
519	502	37
519	177	63
520	381	623
520	321	143
520	455	148
520	107	296
520	514	604
520	629	447
521	107	461
521	127	536
521	177	388
521	278	63
521	321	123
521	337	604
521	514	64
522	455	583
522	438	648
522	514	388
522	321	37
522	107	296
522	629	123
522	502	143
522	127	106
523	514	623
523	107	583
523	629	461
523	381	536
523	438	316
523	177	388
523	502	63
523	278	296
523	337	123
523	321	604
523	127	106
524	107	604
524	159	296
524	177	623
524	278	106
524	337	148
524	381	388
524	438	648
524	502	63
524	514	37
525	278	37
525	455	123
525	127	648
525	514	447
525	629	604
525	337	148
525	438	623
526	127	388
526	159	583
526	177	604
526	321	143
526	337	447
526	381	64
526	438	648
526	455	148
526	502	63
526	514	623
527	107	623
527	127	461
527	177	315
527	278	447
527	337	536
527	438	63
527	455	604
527	502	143
528	127	536
528	159	604
528	177	447
528	278	461
528	321	623
528	337	37
528	381	143
528	438	64
528	502	148
529	127	623
529	159	536
529	177	37
529	278	63
529	337	604
529	381	64
530	629	623
530	278	583
530	127	447
530	159	388
530	502	37
530	381	123
530	337	143
530	455	64
531	127	583
531	177	461
531	278	447
531	321	536
531	337	648
531	381	63
531	438	143
531	514	64
532	337	315
532	502	536
532	629	648
532	177	604
532	107	143
532	381	106
533	232	354
533	41	289
533	501	604
533	104	118
533	280	273
533	145	244
533	541	155
533	423	241
533	10	553
533	602	101
533	531	301
533	21	468
534	602	174
534	541	547
534	501	256
534	531	354
534	145	468
534	423	301
534	232	604
534	104	513
535	41	101
535	501	118
535	531	244
535	280	273
535	145	354
535	232	532
535	602	553
536	10	301
536	41	399
536	423	64
536	145	174
536	501	468
536	104	101
536	280	604
536	531	244
536	602	289
537	10	399
537	541	468
537	104	513
537	531	604
537	602	64
537	21	155
537	501	101
537	232	553
537	280	244
537	41	289
538	10	301
538	541	64
538	232	513
538	104	604
538	602	244
538	501	273
538	145	553
538	531	256
538	423	174
539	21	301
539	41	118
539	501	289
539	280	241
539	541	273
539	145	513
539	602	532
539	531	604
540	21	256
540	41	468
540	104	241
540	232	101
540	280	289
540	423	399
540	501	604
540	531	64
540	541	301
541	602	64
541	21	101
541	541	118
541	41	155
541	501	241
541	145	289
541	232	301
541	531	399
541	10	532
541	423	553
542	423	101
542	104	118
542	602	174
542	10	241
542	41	244
542	280	256
542	541	289
542	232	301
542	21	399
542	501	468
542	145	513
542	531	547
543	232	155
543	10	174
543	602	244
543	280	354
543	531	468
543	145	513
544	501	155
544	602	241
544	10	244
544	21	256
544	41	399
544	232	468
545	541	174
545	602	101
545	501	553
545	531	64
545	232	604
545	423	547
545	145	241
546	10	155
546	41	241
546	145	244
546	602	289
546	104	354
546	232	532
546	423	553
547	67	556
547	227	43
547	305	425
547	398	499
547	408	620
547	437	445
547	457	553
548	450	257
548	227	43
548	408	445
548	67	425
548	184	499
548	437	272
548	398	556
548	602	285
548	305	24
548	14	199
548	502	197
548	457	620
549	184	24
549	437	43
549	208	197
549	14	285
549	398	425
549	502	553
549	602	556
550	398	285
550	437	556
550	457	199
550	602	499
550	184	197
550	305	257
550	208	620
550	227	553
550	67	272
551	67	445
551	227	257
551	408	553
551	305	272
551	502	425
551	457	24
551	602	499
551	14	197
551	437	199
551	184	620
552	398	285
552	602	43
552	437	499
552	408	24
552	457	556
552	227	425
552	184	620
552	14	199
552	450	445
552	305	553
552	67	272
552	208	197
553	67	425
553	227	445
553	408	499
553	184	199
553	457	257
553	502	553
553	398	197
553	602	620
553	305	24
553	450	475
553	437	272
553	14	556
554	208	556
554	67	620
554	184	425
554	602	257
554	305	197
554	502	553
554	227	445
554	457	199
554	450	272
554	398	43
554	408	499
555	450	556
555	502	199
555	305	272
555	227	475
555	184	499
555	457	43
555	602	24
555	437	425
555	208	257
555	398	197
555	67	620
556	502	197
556	305	199
556	67	257
556	450	272
556	227	425
556	602	445
556	398	556
557	408	634
557	625	410
557	261	12
557	492	610
557	522	314
557	86	17
557	455	308
558	455	17
558	492	634
558	100	12
558	408	627
558	356	60
558	86	419
558	625	610
559	492	314
559	100	40
559	529	419
559	625	627
559	261	12
559	86	410
559	408	634
560	100	12
560	522	17
560	356	314
560	408	410
560	529	610
560	625	627
561	261	634
561	86	419
561	100	410
561	356	152
561	455	627
561	492	370
561	522	308
561	625	610
561	529	314
562	408	634
562	492	370
562	625	410
562	455	17
562	100	60
562	529	308
562	261	40
562	522	627
562	356	314
562	86	152
563	522	370
563	529	308
563	261	152
563	455	17
563	408	634
563	86	410
563	625	314
563	100	60
563	356	419
563	492	610
564	261	610
564	522	419
564	356	410
564	408	370
564	455	634
564	86	152
564	100	627
564	625	314
564	492	60
565	261	17
565	455	40
565	86	60
565	625	308
565	356	410
565	529	610
566	261	40
566	522	308
566	408	419
566	86	314
566	492	60
566	100	410
566	529	634
566	625	627
567	529	419
567	408	60
567	86	12
567	261	634
567	522	40
567	455	370
567	356	308
567	625	610
568	550	495
568	643	318
568	563	221
568	303	246
568	129	308
568	528	353
569	550	285
569	84	221
569	129	205
569	563	308
569	567	318
569	606	353
569	643	495
569	19	409
570	550	52
570	303	178
570	19	205
570	643	221
570	84	246
570	567	285
570	606	308
570	129	318
570	563	353
570	528	409
571	528	246
571	643	178
571	303	495
571	606	221
571	19	409
571	550	318
572	606	246
572	303	495
572	563	409
572	643	318
572	567	205
572	84	52
572	19	285
572	129	353
572	550	308
572	528	221
573	19	52
573	643	178
573	550	205
573	563	221
573	567	308
573	606	353
574	19	221
574	303	353
574	550	246
574	84	178
574	606	318
574	528	409
574	567	52
574	563	308
574	643	495
575	643	285
575	84	178
575	528	495
575	19	318
575	567	409
575	129	221
575	563	353
575	550	246
575	606	308
575	303	205
576	550	52
576	129	178
576	19	205
576	528	221
576	643	246
576	606	353
576	84	409
577	129	409
577	303	353
577	19	495
577	84	52
577	643	285
577	550	221
577	528	318
578	42	82
578	518	636
578	516	238
578	565	110
578	21	124
578	403	566
578	50	212
578	456	218
578	473	111
578	550	640
579	518	566
579	21	640
579	456	556
579	550	111
579	565	186
579	473	223
579	42	82
580	456	288
580	518	307
580	403	223
580	550	397
580	21	186
580	565	383
580	473	640
580	516	207
581	456	566
581	21	218
581	403	110
581	473	212
581	565	640
581	42	383
581	550	397
581	50	260
581	516	556
581	518	636
582	516	82
582	550	110
582	565	111
582	42	122
582	403	207
582	21	212
582	473	288
582	456	566
582	50	636
583	473	307
583	403	186
583	21	110
583	516	82
583	565	218
583	518	124
583	456	238
583	50	640
583	550	122
584	21	122
584	50	124
584	456	212
584	473	288
584	516	307
584	518	397
584	550	566
585	21	111
585	42	122
585	50	218
585	403	223
585	456	260
585	473	288
585	516	383
585	518	556
586	42	124
586	50	397
586	516	82
586	403	207
586	21	383
586	550	640
586	565	566
586	518	186
586	473	307
586	456	288
587	42	238
587	550	640
587	403	124
587	516	111
587	518	82
587	473	110
587	50	556
587	565	260
587	21	223
588	473	260
588	456	288
588	50	223
588	565	111
588	550	640
588	42	636
588	518	212
588	516	566
589	42	640
589	50	122
589	456	238
589	473	218
589	518	124
589	550	288
590	21	111
590	42	207
590	403	218
590	456	238
590	473	260
590	518	397
590	550	556
591	438	88
591	591	136
591	647	147
591	305	257
591	563	259
591	450	449
591	337	461
591	567	491
591	644	556
591	25	560
592	644	560
592	352	605
592	450	259
592	591	387
592	647	88
592	508	344
592	151	147
592	337	453
593	563	259
593	601	46
593	438	556
593	567	605
593	151	461
593	644	491
593	337	453
593	352	449
593	591	509
593	339	136
593	25	560
593	234	147
593	647	555
593	305	344
593	450	402
593	508	257
594	25	46
594	305	88
594	352	257
594	450	344
594	567	402
594	591	453
595	305	46
595	438	88
595	151	136
595	647	257
595	450	387
595	339	453
595	508	461
595	25	491
596	25	491
596	151	556
596	234	88
596	337	605
596	339	147
596	352	46
596	438	344
596	563	136
596	567	461
596	591	509
596	601	555
596	644	257
597	339	605
597	234	449
597	352	453
597	151	387
597	305	461
597	647	259
597	508	491
597	601	509
597	644	88
597	563	556
598	25	46
598	151	88
598	234	136
598	305	147
598	337	257
598	339	259
598	352	344
598	438	387
598	450	449
598	508	453
598	563	461
598	567	491
598	591	509
598	601	556
598	644	560
599	647	46
599	339	259
599	591	344
599	25	402
599	352	453
599	567	491
599	438	509
599	563	560
600	567	402
600	644	556
600	438	46
600	508	509
600	305	453
600	563	605
600	339	491
600	337	555
600	450	461
600	352	344
600	234	259
600	151	257
600	601	560
600	647	449
601	25	402
601	151	46
601	234	605
601	337	556
601	339	509
601	438	449
601	450	259
601	508	147
601	563	555
601	567	344
601	591	461
601	601	453
601	644	88
602	591	88
602	508	147
602	563	257
602	647	402
602	305	461
602	438	491
602	339	509
602	601	555
602	337	556
603	339	329
603	180	97
603	531	154
603	501	530
603	295	290
603	266	360
603	27	540
603	23	429
603	121	246
603	403	453
604	266	97
604	295	154
604	121	246
604	27	290
604	531	329
604	501	429
604	339	433
604	23	530
605	27	154
605	121	329
605	180	429
605	266	290
605	295	360
605	339	540
605	403	246
606	27	154
606	266	246
606	180	290
606	23	329
606	339	360
606	531	433
606	501	453
606	403	488
606	121	530
607	339	97
607	403	154
607	531	246
607	23	290
607	295	360
607	501	429
607	121	433
607	27	453
607	266	488
608	23	433
608	27	540
608	266	530
608	295	97
608	339	453
608	403	329
608	501	360
609	531	329
609	295	360
609	180	433
609	501	290
609	403	97
609	266	246
609	121	453
609	27	540
610	266	453
610	531	488
610	501	97
610	27	154
610	339	530
610	403	246
610	295	329
610	23	360
610	121	540
611	23	540
611	27	429
611	121	433
611	180	530
611	266	154
611	403	246
611	501	360
612	27	246
612	23	453
612	403	290
612	531	433
612	295	329
612	180	540
612	339	97
612	121	530
612	266	360
613	295	530
613	121	329
613	266	429
613	180	97
613	339	453
613	403	360
613	27	290
613	23	246
613	501	433
613	531	540
614	295	488
614	23	530
614	501	97
614	531	540
614	27	154
614	403	290
615	478	627
615	408	131
615	266	444
615	184	486
615	48	283
615	437	487
616	266	87
616	184	593
616	21	131
616	48	237
616	322	486
616	437	372
616	408	119
616	478	627
616	236	487
617	322	119
617	184	164
617	437	187
617	21	237
617	236	372
617	266	402
617	478	593
618	236	87
618	478	119
618	266	164
618	21	187
618	408	237
618	48	372
618	322	487
619	408	486
619	48	149
619	236	119
619	184	593
619	21	444
619	322	131
619	266	627
619	437	283
619	478	372
620	408	131
620	21	187
620	437	487
620	236	119
620	322	402
620	48	372
620	266	486
620	478	149
620	184	627
621	322	87
621	437	119
621	266	131
621	236	164
621	478	187
621	408	283
621	48	402
621	21	486
621	184	593
622	48	187
622	184	283
622	236	402
622	322	627
622	408	149
622	437	237
623	437	119
623	21	131
623	322	149
623	236	164
623	478	187
623	184	372
623	408	486
623	266	487
623	48	593
624	48	131
624	322	149
624	266	187
624	236	237
624	184	283
624	408	402
624	21	486
624	478	593
625	266	237
625	322	627
625	21	486
625	437	131
625	408	119
625	478	87
626	21	487
626	48	372
626	236	486
626	266	149
626	322	627
626	408	87
626	437	119
627	437	444
627	21	627
627	266	131
627	236	164
627	184	87
627	48	487
627	322	486
627	478	149
627	408	372
628	25	24
628	165	197
628	644	346
628	582	364
628	183	400
628	521	401
628	79	482
628	284	596
629	165	607
629	582	400
629	79	364
629	284	346
629	25	401
629	644	596
629	183	250
629	521	24
630	521	24
630	165	364
630	644	607
630	582	401
630	284	596
630	183	346
630	25	482
631	521	197
631	79	364
631	183	400
631	644	346
631	165	24
631	284	401
631	582	607
631	25	482
632	25	24
632	284	250
632	644	346
632	165	364
632	183	401
632	521	482
632	79	596
633	521	607
633	644	346
633	25	250
633	284	401
633	183	482
633	582	364
633	79	596
634	521	197
634	644	250
634	582	607
634	183	482
634	284	401
634	25	596
634	165	400
635	582	24
635	79	607
635	521	400
635	165	250
635	644	364
635	183	596
636	25	346
636	183	482
636	284	364
636	79	24
636	582	250
636	644	596
636	165	197
636	521	607
637	284	607
637	165	197
637	644	596
637	25	482
637	79	364
637	582	346
637	521	400
637	183	401
638	25	288
638	313	451
638	51	463
638	41	400
638	72	593
638	546	279
638	194	461
639	51	32
639	546	46
639	313	109
639	8	245
639	41	286
639	72	416
639	25	463
640	96	593
640	8	288
640	313	279
640	41	90
640	59	32
640	546	463
640	51	70
640	72	416
640	25	286
641	51	46
641	313	70
641	41	109
641	546	279
641	8	286
641	194	288
641	96	330
641	59	451
642	41	32
642	96	46
642	51	70
642	59	286
642	546	330
642	194	416
642	25	451
642	8	461
643	72	70
643	96	90
643	194	109
643	51	245
643	41	288
643	59	330
643	25	400
643	8	416
643	313	451
643	546	463
644	96	279
644	25	451
644	546	288
644	41	70
644	194	109
644	51	245
644	8	593
645	96	32
645	194	46
645	41	90
645	546	109
645	51	279
645	313	286
645	59	330
645	72	416
645	8	461
646	8	70
646	41	90
646	51	109
646	72	279
646	194	330
646	313	400
647	546	70
647	313	109
647	51	279
647	59	416
647	96	461
647	194	463
648	29	621
648	299	249
648	374	641
648	521	596
648	529	636
648	635	464
649	41	269
649	167	641
649	215	458
649	278	88
649	374	636
649	456	564
649	521	349
649	611	213
650	299	56
650	374	213
650	635	249
650	215	269
650	278	300
650	521	326
650	179	349
650	167	367
650	529	430
650	639	464
650	41	525
650	456	537
650	29	596
650	611	621
651	179	636
651	167	326
651	635	564
651	611	641
651	521	464
651	29	596
651	456	537
651	639	249
651	374	216
651	529	349
651	278	621
651	299	300
651	41	367
652	639	88
652	215	213
652	278	300
652	299	349
652	611	525
652	374	537
652	456	564
652	529	596
653	215	213
653	456	269
653	41	349
653	639	367
653	179	458
653	167	525
653	299	596
653	611	621
654	215	367
654	529	525
654	179	596
654	611	430
654	456	564
654	521	349
654	639	636
654	29	641
654	167	300
654	374	464
655	179	596
655	278	430
655	374	641
655	611	56
655	635	564
655	639	525
655	521	349
655	529	367
655	456	464
655	41	269
655	299	88
656	635	300
656	29	349
656	374	636
656	529	621
656	521	430
656	611	249
656	299	216
656	215	213
656	639	367
656	456	88
656	179	525
656	167	458
656	41	641
656	278	464
657	29	88
657	635	269
657	611	564
657	215	213
657	639	326
657	529	249
657	41	537
657	299	596
657	167	367
657	456	56
657	374	641
657	521	458
658	179	56
658	639	213
658	29	216
658	456	269
658	41	300
658	529	326
658	521	349
658	635	367
658	374	430
658	611	458
658	167	564
658	278	621
659	59	540
659	337	216
659	105	12
659	145	402
659	628	198
659	190	291
659	381	214
659	415	593
660	381	593
660	628	198
660	190	291
660	337	540
660	415	216
660	59	494
660	120	255
661	628	12
661	145	70
661	381	214
661	59	216
661	190	255
661	337	365
661	415	494
662	105	214
662	59	407
662	145	540
662	381	291
662	190	365
662	337	593
662	415	494
662	120	70
662	628	12
663	105	12
663	415	70
663	120	198
663	337	216
663	628	255
663	381	291
663	190	402
663	59	407
664	59	12
664	105	70
664	190	198
664	337	255
664	381	365
664	415	540
665	59	216
665	145	593
665	190	494
665	337	70
665	381	255
665	415	12
666	59	12
666	105	70
666	145	198
666	190	214
666	628	216
666	381	402
666	120	407
667	190	291
667	120	407
667	628	365
667	105	70
667	145	540
667	415	12
667	337	593
668	105	214
668	59	255
668	628	216
668	381	540
668	337	593
668	145	70
669	457	432
669	645	146
669	175	548
669	145	54
669	182	471
669	107	294
669	298	237
669	608	632
669	585	613
669	611	13
669	631	578
669	2	270
669	345	288
669	498	113
669	651	241
669	215	97
670	585	113
670	107	613
670	457	288
670	2	13
670	215	632
670	498	294
670	608	432
670	298	367
670	631	237
670	182	54
670	611	471
670	645	270
670	345	146
670	145	548
670	651	97
670	175	241
671	457	97
671	145	113
671	631	367
671	215	632
671	2	237
671	345	548
671	585	294
671	651	146
671	107	13
671	608	54
671	175	471
672	107	237
672	585	241
672	611	270
672	298	294
672	631	471
672	175	548
673	345	97
673	145	241
673	498	270
673	298	367
673	631	432
673	645	548
674	608	54
674	107	632
674	585	241
674	345	471
674	611	548
674	651	613
674	498	146
674	298	113
674	631	294
674	645	367
675	182	113
675	345	237
675	651	270
675	645	13
675	631	241
675	457	367
675	298	613
675	608	146
675	585	632
675	107	548
675	145	578
675	175	54
675	2	471
675	498	97
675	215	288
676	611	632
676	215	471
676	2	578
676	182	270
676	585	13
676	631	97
676	345	367
676	457	548
676	498	288
677	611	13
677	651	97
677	585	146
677	457	241
677	145	270
677	631	288
677	182	294
677	2	367
677	645	432
677	345	548
677	298	578
677	175	613
678	608	471
678	182	13
678	585	632
678	345	294
678	215	432
678	457	146
678	611	578
678	145	241
678	298	367
678	631	237
678	175	97
679	175	241
679	2	578
679	345	270
679	631	54
679	611	97
679	145	613
679	457	237
679	298	146
679	585	632
679	651	288
679	107	471
680	92	91
680	66	106
680	321	114
680	305	136
680	395	152
680	502	163
680	500	199
680	228	264
680	396	282
680	357	301
680	435	376
680	352	378
680	628	418
680	162	420
680	371	493
680	528	569
681	162	91
681	228	106
681	321	493
681	396	136
681	92	617
681	628	418
681	352	210
681	435	301
681	500	378
681	395	420
681	357	282
681	305	111
681	371	376
681	528	199
681	66	462
681	502	264
682	92	462
682	162	152
682	500	136
682	528	163
682	371	378
682	628	376
682	66	264
682	435	282
682	395	106
682	305	569
682	352	111
682	396	418
682	502	114
682	321	199
682	228	420
682	357	617
683	66	111
683	395	378
683	528	136
683	628	91
683	371	106
683	435	199
683	357	163
683	396	493
683	321	210
683	92	420
683	228	617
683	352	301
684	395	91
684	321	106
684	396	111
684	228	114
684	371	136
684	66	152
684	435	163
684	92	199
684	162	282
684	502	376
684	628	378
684	352	462
685	395	114
685	352	264
685	92	301
685	500	418
685	162	462
685	435	136
685	321	152
685	305	111
685	66	376
685	396	420
685	502	210
685	357	106
685	628	493
685	228	163
685	528	617
686	628	91
686	502	106
686	500	136
686	162	152
686	321	199
686	528	210
686	435	282
686	66	376
687	66	91
687	162	106
687	228	111
687	305	114
687	321	136
687	352	163
687	371	199
687	395	376
687	396	378
687	435	418
687	502	420
687	528	462
688	502	462
688	371	210
688	228	420
688	628	163
688	357	106
688	528	493
688	66	617
688	435	376
688	305	111
688	162	152
688	352	282
688	396	264
689	357	462
689	92	136
689	435	301
689	352	569
689	628	418
689	528	163
689	305	378
689	66	152
689	500	199
689	228	264
689	396	111
689	162	91
689	502	282
689	321	617
690	228	111
690	321	210
690	371	282
690	396	301
690	502	418
690	528	493
691	435	152
691	395	617
691	352	462
691	502	378
691	321	91
691	66	163
691	628	106
691	396	114
691	528	136
691	92	282
692	66	210
692	92	493
692	162	462
692	305	617
692	352	418
692	396	199
692	528	111
693	297	7
693	201	76
693	389	138
693	202	161
693	501	230
693	173	316
693	160	411
693	305	491
693	313	524
693	100	556
693	550	579
694	202	613
694	160	491
694	384	7
694	550	76
694	389	138
694	305	411
694	173	579
694	501	161
694	100	230
694	201	192
694	297	316
694	313	556
695	389	491
695	100	579
695	384	161
695	305	613
695	550	411
695	201	556
695	501	524
695	173	76
695	160	316
696	160	579
696	201	192
696	202	491
696	297	613
696	313	524
696	389	230
697	297	76
697	501	411
697	550	7
697	100	138
697	202	613
697	389	192
697	313	230
698	160	161
698	201	230
698	202	491
698	305	524
698	313	316
698	384	613
698	389	76
698	501	138
699	160	491
699	384	524
699	305	230
699	173	316
699	201	556
699	100	613
699	550	7
699	313	138
699	501	76
700	100	230
700	160	161
700	173	76
700	201	579
700	202	138
700	297	7
700	305	556
700	313	524
700	384	613
700	389	411
701	173	613
701	313	7
701	100	230
701	305	556
701	160	76
701	550	192
701	297	161
701	501	491
701	389	524
702	313	7
702	100	138
702	202	192
702	501	411
702	384	491
702	160	524
702	550	579
703	297	76
703	202	491
703	384	411
703	100	524
703	313	192
703	501	556
703	550	161
703	173	7
703	201	230
703	305	613
703	389	579
703	160	138
704	117	589
704	310	88
704	562	376
704	585	388
704	202	225
704	480	163
704	14	451
704	18	465
705	49	446
705	562	70
705	202	451
705	18	524
705	503	465
705	310	436
705	427	88
705	480	589
705	585	388
706	585	83
706	18	88
706	503	106
706	310	163
706	49	225
706	162	376
706	117	388
706	14	436
706	480	465
707	327	70
707	49	83
707	427	88
707	585	106
707	202	163
707	480	225
707	14	376
707	117	388
707	18	446
707	562	465
707	310	524
708	327	451
708	18	465
708	202	83
708	585	225
708	14	589
708	562	446
708	503	524
708	427	340
708	310	376
708	117	388
708	49	70
708	480	436
708	162	106
709	18	589
709	49	225
709	162	340
709	310	436
709	327	451
709	427	88
709	480	524
709	562	70
710	310	436
710	562	83
710	18	88
710	503	376
710	585	163
710	427	451
710	14	446
710	202	589
710	480	340
710	117	524
710	327	465
710	49	388
711	117	70
711	162	83
711	202	88
711	310	340
711	327	388
711	503	451
711	562	524
712	117	376
712	562	83
712	49	88
712	18	340
712	480	436
712	585	225
712	327	106
712	162	163
712	202	465
712	427	388
712	310	446
712	503	589
712	14	451
713	14	589
713	18	446
713	117	106
713	327	340
713	427	83
713	480	465
713	503	451
714	49	340
714	202	88
714	310	589
714	327	163
714	427	446
714	480	106
714	503	436
715	96	136
715	253	417
715	339	24
715	631	300
715	335	330
715	480	586
715	522	641
715	606	610
715	505	575
715	243	462
716	339	229
716	606	641
716	631	432
716	243	586
716	253	575
716	96	300
716	480	589
716	522	330
716	335	136
717	96	417
717	243	641
717	253	24
717	335	610
717	339	330
717	522	575
717	606	589
718	96	229
718	253	300
718	335	330
718	480	432
718	522	575
718	606	589
719	243	641
719	505	300
719	606	589
719	253	330
719	480	24
719	339	586
719	96	575
719	631	462
719	335	610
720	339	610
720	96	575
720	253	417
720	522	24
720	243	589
720	505	136
720	335	641
720	606	229
720	631	330
720	480	300
721	505	575
721	339	610
721	606	417
721	631	136
721	96	641
721	480	330
721	522	586
721	253	462
722	631	300
722	606	610
722	522	24
722	253	575
722	96	586
722	505	589
722	339	641
723	96	136
723	480	24
723	522	641
723	243	575
723	505	330
723	606	432
723	631	417
723	253	589
724	631	136
724	243	610
724	335	24
724	339	462
724	522	229
724	505	432
724	480	417
724	96	641
725	335	136
725	631	641
725	505	24
725	522	589
725	253	610
725	339	417
725	480	432
725	606	229
725	243	586
725	96	300
726	339	136
726	631	432
726	505	462
726	606	589
726	253	610
726	96	24
726	480	586
726	335	641
726	243	417
727	505	462
727	522	432
727	96	24
727	631	417
727	480	586
727	243	641
727	606	575
728	335	24
728	631	229
728	522	417
728	339	462
728	480	575
728	243	586
728	606	589
728	253	610
729	96	136
729	243	229
729	253	300
729	335	330
729	339	432
729	480	462
729	505	575
729	522	589
729	606	610
730	480	136
730	522	417
730	96	432
730	631	462
730	339	586
730	606	589
731	635	248
731	414	394
731	389	346
731	585	73
731	158	380
731	415	238
731	292	355
731	277	627
732	158	380
732	292	229
732	415	238
732	414	248
732	585	203
732	277	355
732	635	73
732	592	346
732	389	627
733	158	73
733	389	307
733	414	248
733	415	229
733	585	627
733	592	238
734	389	73
734	277	203
734	635	229
734	292	238
734	592	248
734	414	346
734	158	355
734	585	394
734	415	405
735	158	627
735	277	346
735	292	355
735	414	203
735	415	405
735	592	73
736	585	73
736	158	238
736	414	248
736	292	346
736	277	355
736	635	394
736	389	405
737	158	238
737	292	73
737	415	627
737	389	355
737	635	405
737	592	203
737	277	248
737	414	229
737	585	307
738	389	380
738	292	346
738	592	73
738	635	405
738	158	248
738	277	394
738	415	238
738	414	15
738	585	627
739	415	15
739	592	73
739	389	203
739	414	238
739	277	248
739	158	307
739	635	355
739	292	380
739	585	405
740	592	15
740	389	73
740	635	229
740	414	355
740	158	380
740	415	394
741	389	229
741	635	394
741	415	627
741	292	380
741	585	307
741	592	346
741	277	355
742	31	168
742	65	171
742	292	610
742	480	330
742	529	318
742	630	287
743	31	287
743	529	373
743	646	186
743	292	168
743	162	171
743	630	610
743	65	330
743	480	30
744	162	569
744	630	323
744	529	171
744	31	610
744	292	330
744	480	30
744	646	168
744	65	318
745	31	30
745	65	171
745	162	186
745	292	287
745	480	318
745	529	323
745	630	569
746	646	287
746	480	569
746	292	30
746	162	168
746	630	610
746	31	186
746	529	323
746	65	458
747	480	323
747	292	168
747	31	171
747	162	186
747	65	330
747	646	458
747	630	610
748	630	323
748	31	569
748	292	171
748	162	610
748	480	458
748	65	287
748	646	330
748	529	30
749	31	610
749	162	318
749	646	171
749	630	373
749	529	569
749	292	30
749	480	168
750	31	186
750	630	318
750	646	610
750	529	373
750	162	458
750	480	30
750	292	171
751	31	610
751	65	171
751	162	569
751	292	168
751	480	287
751	529	458
751	630	373
752	630	171
752	31	318
752	480	569
752	529	168
752	646	373
752	65	610
752	292	458
753	292	610
753	529	458
753	646	30
753	162	323
753	480	168
753	31	318
753	65	569
753	630	171
754	100	558
754	160	377
754	428	417
754	502	323
754	42	199
754	96	598
754	521	74
754	520	572
754	105	527
755	96	119
755	100	199
755	175	241
755	428	323
755	502	417
755	520	527
756	502	527
756	100	572
756	96	323
756	42	119
756	521	558
756	175	488
756	160	241
756	105	74
756	520	598
756	428	171
757	160	580
757	96	416
757	42	323
757	520	377
757	521	241
757	502	417
757	105	199
757	100	527
757	175	598
757	428	74
758	520	488
758	428	199
758	105	598
758	175	74
758	96	558
758	502	572
758	521	241
758	100	416
758	160	323
759	160	199
759	42	241
759	502	323
759	521	488
759	175	527
759	520	580
760	160	74
760	96	171
760	520	323
760	521	377
760	105	416
760	502	488
760	42	558
760	175	572
761	520	598
761	160	119
761	42	488
761	175	558
761	96	416
761	428	199
761	521	572
761	100	74
761	105	241
762	105	74
762	175	119
762	96	171
762	521	199
762	160	323
762	42	416
762	428	527
762	520	558
762	502	572
762	100	580
763	42	488
763	160	598
763	428	171
763	502	323
763	520	241
763	175	417
763	105	527
763	521	572
763	100	558
764	25	73
764	196	245
764	293	404
764	393	430
764	435	470
764	492	489
764	541	494
765	492	73
765	435	245
765	25	404
765	293	470
765	644	533
765	196	564
765	541	593
766	293	245
766	503	430
766	25	462
766	435	470
766	492	489
766	644	533
766	196	564
767	644	73
767	435	245
767	503	404
767	196	462
767	541	470
767	492	564
767	393	593
768	541	217
768	492	404
768	503	462
768	393	494
768	435	533
768	644	564
769	393	404
769	541	217
769	644	636
769	293	430
769	435	489
769	25	470
769	196	533
769	492	593
769	503	245
770	644	636
770	25	430
770	503	470
770	541	462
770	196	494
770	393	73
770	293	217
771	644	462
771	293	217
771	435	494
771	393	593
771	492	636
771	25	73
771	196	489
771	503	404
772	492	217
772	393	470
772	435	73
772	25	245
772	541	636
772	644	462
772	503	593
772	293	564
773	393	73
773	196	404
773	492	430
773	293	462
773	503	470
773	644	489
773	25	494
773	541	564
773	435	593
774	393	73
774	492	404
774	503	430
774	435	462
774	293	494
774	25	533
774	644	564
774	541	593
775	435	217
775	293	245
775	393	430
775	503	462
775	196	470
775	644	489
775	25	494
776	48	200
776	239	400
776	252	407
776	292	420
776	295	453
776	352	497
776	391	555
776	529	572
776	643	613
777	157	613
777	295	497
777	514	400
777	252	61
777	649	420
777	48	453
777	529	614
777	239	200
778	480	200
778	529	453
778	352	555
778	292	420
778	591	497
778	649	407
778	182	613
778	514	400
778	391	542
778	643	56
778	239	614
779	480	400
779	391	200
779	239	453
779	649	613
779	292	61
779	182	614
779	591	555
779	529	542
779	157	420
779	295	497
779	643	572
779	514	47
779	352	407
780	391	47
780	252	56
780	649	61
780	182	200
780	529	400
780	295	407
780	48	453
780	292	497
780	591	555
780	480	613
781	157	400
781	292	453
781	643	56
781	649	542
781	514	47
781	391	420
781	295	614
781	352	200
781	182	572
782	157	497
782	391	400
782	292	407
782	514	613
782	252	572
782	591	614
782	643	555
782	649	56
782	352	61
782	529	420
783	48	61
783	157	400
783	252	420
783	292	453
783	295	497
783	480	542
783	514	572
783	529	613
784	48	613
784	252	614
784	292	61
784	391	542
784	480	572
784	529	497
784	643	56
785	239	407
785	352	555
785	649	614
785	529	200
785	514	572
785	292	453
786	480	47
786	649	453
786	514	555
786	295	614
786	391	400
786	591	61
786	529	613
786	48	572
786	239	542
786	252	56
786	643	407
787	339	214
787	504	615
787	233	124
787	505	434
787	22	372
787	534	185
788	22	434
788	233	124
788	339	372
788	371	214
788	501	615
788	504	444
788	505	388
789	371	442
789	501	214
789	233	615
789	534	323
789	339	185
789	22	444
790	505	124
790	504	185
790	339	323
790	534	372
790	501	434
790	233	444
791	501	185
791	505	372
791	339	388
791	534	434
791	504	442
791	22	444
792	501	124
792	339	185
792	504	323
792	22	372
792	534	388
792	505	434
792	371	444
793	534	124
793	339	185
793	233	214
793	501	323
793	22	388
793	371	442
793	504	444
794	371	185
794	501	323
794	339	434
794	22	388
794	534	615
794	233	372
794	504	214
795	505	323
795	504	442
795	233	372
795	371	615
795	22	434
795	339	388
795	534	444
795	501	214
796	22	444
796	233	124
796	339	372
796	371	388
796	501	615
796	504	185
796	505	214
797	501	372
797	534	615
797	22	434
797	339	442
797	504	124
797	371	388
797	233	444
798	534	124
798	339	185
798	505	214
798	371	323
798	501	388
798	504	434
798	233	442
798	22	444
799	534	442
799	505	372
799	501	214
799	233	444
799	22	185
799	371	323
799	339	615
799	504	124
800	26	35
800	25	57
800	41	241
800	304	245
800	396	286
800	29	561
800	511	593
800	582	603
801	336	489
801	190	622
801	41	248
801	304	461
801	511	195
801	582	245
801	239	241
801	25	57
801	396	593
801	428	69
801	26	487
801	29	286
802	41	487
802	511	241
802	190	248
802	26	195
802	304	57
802	582	286
802	336	489
802	428	603
802	239	69
802	25	461
802	396	622
802	29	561
803	336	57
803	26	195
803	582	241
803	29	245
803	239	248
803	304	286
803	511	461
803	25	489
803	396	561
804	41	343
804	190	461
804	239	603
804	304	622
804	336	241
804	511	489
805	428	195
805	336	561
805	29	343
805	582	35
805	396	593
805	304	241
805	239	622
806	25	57
806	26	69
806	29	195
806	41	241
806	190	245
806	239	248
806	304	286
806	336	343
806	396	461
806	511	593
807	25	248
807	29	241
807	511	487
807	239	622
807	304	461
807	336	35
807	41	69
807	26	195
807	190	561
807	396	603
807	582	245
808	336	593
808	190	195
808	428	286
808	239	57
808	29	245
808	41	461
808	396	343
808	304	622
808	26	241
808	582	248
808	25	603
808	511	561
809	428	35
809	26	57
809	304	69
809	396	224
809	582	241
809	190	248
809	511	286
809	29	461
809	336	487
809	239	593
809	41	603
810	41	248
810	336	57
810	239	489
810	304	224
810	396	487
810	29	343
810	582	461
810	511	286
810	428	561
810	25	622
810	190	69
810	26	241
811	239	35
811	41	57
811	190	69
811	25	224
811	304	248
811	582	461
811	428	487
811	26	489
811	29	593
812	563	219
812	50	547
812	14	417
812	252	470
812	242	370
812	10	440
812	274	255
812	86	482
812	626	225
812	450	115
812	208	331
812	633	76
813	50	586
813	66	370
813	86	219
813	208	15
813	252	417
813	297	213
813	626	440
814	10	370
814	14	331
814	50	115
814	66	523
814	208	225
814	252	440
814	274	213
814	450	219
815	208	614
815	242	586
815	66	648
815	297	417
815	10	213
815	633	383
815	563	76
815	50	482
816	274	614
816	66	586
816	563	547
816	626	15
816	633	213
816	86	440
816	14	383
816	450	331
816	50	482
817	633	614
817	50	15
817	66	523
817	10	213
817	450	440
817	242	76
817	86	482
818	10	547
818	529	370
818	450	470
818	297	417
818	563	586
818	86	15
818	626	440
818	252	76
818	242	331
818	633	225
818	14	614
818	66	255
818	208	523
818	50	219
819	10	614
819	14	219
819	50	547
819	86	115
819	208	15
819	242	523
819	252	417
819	297	383
819	450	76
819	529	255
819	626	331
820	633	225
820	50	417
820	563	470
820	14	370
820	626	115
820	529	586
820	274	648
821	450	547
821	10	614
821	274	225
821	86	115
821	252	331
821	297	15
821	626	417
821	50	523
821	14	213
821	529	482
821	208	648
821	563	383
821	242	470
821	633	370
822	10	219
822	14	115
822	50	417
822	208	213
822	242	383
822	252	255
823	10	470
823	14	614
823	50	586
823	66	547
823	86	115
823	208	15
823	252	440
823	274	383
823	297	76
823	450	482
824	275	199
824	159	218
824	616	407
824	379	432
824	59	506
824	408	560
825	159	254
825	408	605
825	275	432
825	160	509
825	379	560
825	403	383
825	10	536
825	545	111
825	616	197
825	59	56
825	107	255
826	26	250
826	545	197
826	403	199
826	275	605
826	379	111
826	10	432
826	107	238
826	159	509
826	408	383
826	18	254
826	127	407
826	160	115
826	59	255
826	616	560
827	403	506
827	26	596
827	10	432
827	275	255
827	408	560
827	159	407
827	107	199
827	616	111
827	18	197
827	319	536
827	379	56
827	545	115
827	59	605
828	408	596
828	319	432
828	616	199
828	159	560
828	160	536
828	59	238
828	10	115
828	379	218
828	275	605
828	545	383
828	26	506
828	127	56
828	107	111
829	275	383
829	18	560
829	59	506
829	616	250
829	408	509
829	160	605
829	26	238
829	10	255
829	127	115
829	159	432
829	545	111
829	107	536
829	379	56
829	319	254
829	403	596
830	160	560
830	408	605
830	127	56
830	616	238
830	379	250
830	59	432
830	18	383
830	545	218
830	26	506
831	545	383
831	26	218
831	379	560
831	616	56
831	160	199
831	403	254
831	408	432
831	319	111
831	107	506
831	159	250
831	275	197
831	59	596
831	127	605
831	18	255
832	545	250
832	160	407
832	275	605
832	319	383
832	59	509
832	159	56
832	127	596
832	616	111
832	403	199
832	10	255
833	616	506
833	160	509
833	18	605
833	408	115
833	545	238
833	379	197
833	159	250
833	26	432
833	403	56
833	127	199
833	107	111
834	452	63
834	49	113
834	385	170
834	590	308
834	201	315
834	313	359
834	231	377
835	231	17
835	49	39
835	201	269
835	313	308
835	327	359
835	385	377
835	590	440
836	201	170
836	313	308
836	590	359
836	49	377
836	231	484
836	452	560
837	201	170
837	49	484
837	231	308
837	590	119
837	327	39
837	313	604
838	231	604
838	590	113
838	313	560
838	385	440
838	49	63
838	201	315
838	327	484
839	49	17
839	201	39
839	231	63
839	327	119
839	385	170
839	452	269
840	201	17
840	49	170
840	590	269
840	231	315
840	385	377
840	452	484
841	590	604
841	201	269
841	385	377
841	313	308
841	452	560
841	327	440
841	231	315
842	452	39
842	201	119
842	590	315
842	49	359
842	231	377
842	313	440
842	385	484
842	327	560
843	385	604
843	201	63
843	452	440
843	231	315
843	49	39
843	313	113
843	327	119
843	590	359
844	545	57
844	514	170
844	423	218
844	585	288
844	297	340
844	92	365
845	67	57
845	92	218
845	242	288
845	297	340
845	514	365
845	545	453
846	585	57
846	423	218
846	297	260
846	209	288
846	514	340
846	541	397
847	585	57
847	423	170
847	242	260
847	541	288
847	297	340
847	209	365
847	514	397
848	92	218
848	514	170
848	297	260
848	423	397
848	541	57
848	242	365
848	209	510
848	585	288
848	545	453
849	585	57
849	514	510
849	209	453
849	67	340
849	297	397
849	423	218
849	242	365
850	92	453
850	209	340
850	242	365
850	297	170
850	423	510
850	514	57
850	541	260
851	514	218
851	545	340
851	92	397
851	209	510
851	67	57
851	585	260
851	423	365
852	297	510
852	242	57
852	541	260
852	67	365
852	92	453
852	585	397
852	514	218
852	423	340
852	545	170
853	67	218
853	92	260
853	209	510
853	242	57
853	297	453
853	423	288
853	514	365
853	545	170
854	234	109
854	643	474
854	298	460
854	333	294
854	379	621
854	612	74
854	309	556
854	276	471
854	184	52
854	505	146
854	166	7
854	584	430
855	166	109
855	276	74
855	379	83
855	505	349
855	584	556
855	612	621
856	184	7
856	309	74
856	333	109
856	612	146
856	276	254
856	166	294
856	379	349
856	584	430
856	298	460
856	505	471
856	643	556
856	234	578
857	505	556
857	298	474
857	276	349
857	643	83
857	584	109
857	166	254
857	184	471
857	234	621
857	333	460
857	379	578
857	612	7
857	309	52
858	166	621
858	184	254
858	276	556
858	333	83
858	584	578
858	612	474
859	643	52
859	309	578
859	333	349
859	584	146
859	276	7
859	184	74
859	298	621
859	612	109
859	505	471
860	584	474
860	166	294
860	333	7
860	643	52
860	309	471
860	276	83
860	184	621
861	333	146
861	276	349
861	612	474
861	643	430
861	166	578
861	584	254
861	234	621
861	505	556
861	309	74
862	298	349
862	612	74
862	234	556
862	643	254
862	379	83
862	505	430
862	584	578
862	166	294
862	309	621
863	184	7
863	505	52
863	584	74
863	276	109
863	333	294
863	166	430
863	643	460
863	298	471
863	612	474
863	309	578
864	309	578
864	166	474
864	184	146
864	333	621
864	643	254
864	276	294
864	298	109
864	584	83
865	612	146
865	166	621
865	298	294
865	276	74
865	379	556
865	584	109
865	505	349
865	309	471
865	184	430
865	643	254
865	234	52
866	584	7
866	298	52
866	643	74
866	505	83
866	379	109
866	612	146
866	184	254
866	309	430
866	166	460
866	234	471
866	333	474
866	276	578
867	335	88
867	357	91
867	41	93
867	366	193
867	651	229
867	177	512
867	160	559
868	335	88
868	357	91
868	41	93
868	366	193
868	651	246
868	456	512
868	550	559
868	160	575
869	177	559
869	366	193
869	651	246
869	41	88
869	335	512
869	650	575
869	456	615
869	183	91
869	357	229
870	456	615
870	41	229
870	366	575
870	357	88
870	160	91
870	183	512
870	651	193
871	456	193
871	650	88
871	357	512
871	366	229
871	335	615
871	177	575
871	160	93
871	41	91
871	651	559
871	183	246
872	177	91
872	366	575
872	183	88
872	651	559
872	335	512
872	550	229
872	357	93
872	650	615
872	41	246
872	456	193
873	183	93
873	550	229
873	357	512
873	41	559
873	366	193
873	160	246
873	650	91
873	651	615
873	335	575
874	183	559
874	651	193
874	550	615
874	650	575
874	456	91
874	41	88
874	357	93
875	335	93
875	160	512
875	550	615
875	456	246
875	651	193
875	366	88
875	183	575
875	650	91
875	357	559
876	183	229
876	160	246
876	456	559
876	550	575
876	651	91
876	366	88
876	335	193
876	41	93
876	650	615
876	357	512
877	6	542
877	129	80
877	153	401
877	173	537
877	351	383
877	393	402
877	457	181
877	477	110
877	511	607
877	515	640
878	129	80
878	153	110
878	173	136
878	190	181
878	335	200
878	351	383
878	393	401
878	477	402
878	511	524
878	515	542
879	457	537
879	153	640
879	335	401
879	298	524
879	6	80
879	393	607
879	522	402
879	129	383
879	511	110
879	477	136
880	6	136
880	153	537
880	190	401
880	335	383
880	393	640
880	457	402
880	477	524
880	515	181
881	6	110
881	173	136
881	298	402
881	335	524
881	351	542
881	457	607
882	511	383
882	393	80
882	129	640
882	173	181
882	6	200
882	190	524
882	477	607
882	335	402
882	515	537
882	153	542
882	522	136
883	190	524
883	393	383
883	515	80
883	173	537
883	522	181
883	477	110
883	153	640
883	457	401
883	6	402
883	351	542
883	129	200
884	129	80
884	173	542
884	6	607
884	190	110
884	335	401
884	477	640
884	298	383
884	511	200
884	522	402
884	457	537
885	129	401
885	477	640
885	335	200
885	173	181
885	6	80
885	393	402
885	298	524
885	153	537
885	522	110
885	351	542
886	515	80
886	190	110
886	129	181
886	522	402
886	511	537
886	351	542
886	153	607
887	129	640
887	153	524
887	173	136
887	190	401
887	298	402
887	335	80
887	351	607
887	393	542
887	457	200
887	477	110
887	511	383
887	515	181
888	121	45
888	132	112
888	194	116
888	211	170
888	271	195
888	302	250
888	325	399
888	477	441
889	132	250
889	121	45
889	302	170
889	325	568
889	29	399
889	625	134
890	121	195
890	29	250
890	477	441
890	211	568
890	132	112
890	302	116
890	325	470
890	625	170
891	29	45
891	121	170
891	132	195
891	211	399
891	325	441
891	477	470
892	271	134
892	211	250
892	302	195
892	625	568
892	325	441
892	29	116
893	29	45
893	132	134
893	194	170
893	271	195
893	302	250
893	325	399
893	477	441
894	625	45
894	194	112
894	211	134
894	29	195
894	271	250
894	477	441
895	211	116
895	477	134
895	325	195
895	194	250
895	132	399
895	302	441
895	625	470
896	29	568
896	121	112
896	194	134
896	211	441
896	271	195
896	325	250
896	477	470
897	302	470
897	625	45
897	211	568
897	325	250
897	477	116
897	132	195
897	194	441
898	625	568
898	194	170
898	325	195
898	211	470
898	29	250
898	132	399
898	271	45
898	302	441
898	121	134
898	477	116
899	23	55
899	27	214
899	100	245
899	117	248
899	310	258
899	375	382
899	546	596
900	356	214
900	306	256
900	609	596
900	151	618
900	42	382
900	100	429
900	27	245
900	485	619
900	546	55
900	515	258
900	310	248
901	23	248
901	356	429
901	375	596
901	609	55
901	310	619
901	42	258
901	117	214
902	310	382
902	117	245
902	100	256
902	375	248
902	23	596
902	485	258
902	42	429
902	339	618
902	27	55
902	609	619
902	306	214
903	306	619
903	356	248
903	27	258
903	100	618
903	42	596
903	23	429
903	310	382
903	609	214
903	375	256
904	609	382
904	151	618
904	485	429
904	546	258
904	310	596
904	339	619
904	23	214
904	100	256
905	23	248
905	27	256
905	100	258
905	117	382
905	151	429
905	339	596
905	356	618
906	356	256
906	485	245
906	310	619
906	151	429
906	546	258
906	609	596
906	339	618
906	515	55
907	375	619
907	151	382
907	100	596
907	23	248
907	42	429
907	356	256
907	117	55
907	609	214
907	27	618
908	306	214
908	339	619
908	310	248
908	27	55
908	117	258
908	375	618
908	515	382
908	356	256
908	609	245
908	485	596
908	100	429
909	27	256
909	310	245
909	515	55
909	23	382
909	609	214
909	306	619
909	151	429
909	339	258
910	151	619
910	339	382
910	117	258
910	310	214
910	306	618
910	100	245
910	23	429
910	609	248
910	546	256
911	100	619
911	310	258
911	27	256
911	609	214
911	306	55
911	375	429
911	117	245
911	23	248
911	515	382
911	42	618
912	498	155
912	521	187
912	327	622
912	25	300
912	319	420
912	202	603
912	492	148
912	638	578
912	385	60
912	99	229
912	643	493
912	231	272
912	89	269
912	395	527
912	342	499
913	99	578
913	492	493
913	385	300
913	327	187
913	498	17
913	395	622
913	231	272
913	89	155
913	202	547
913	25	60
913	638	229
913	319	603
913	521	148
913	643	269
914	231	300
914	202	269
914	492	155
914	385	622
914	89	420
914	643	60
914	327	499
914	638	272
915	89	547
915	99	578
915	231	60
915	342	493
915	395	622
915	492	272
916	498	229
916	319	603
916	385	622
916	342	148
916	25	300
916	643	420
916	202	547
916	89	493
916	638	578
916	327	269
917	202	60
917	342	229
917	395	17
917	643	603
917	99	578
917	385	155
917	319	527
917	231	622
917	327	420
917	638	493
918	395	17
918	638	187
918	385	229
918	319	269
918	327	300
918	643	493
918	492	499
918	202	547
918	99	603
919	395	155
919	25	187
919	99	229
919	492	269
919	638	300
919	385	420
919	202	527
919	89	578
919	643	603
920	385	17
920	643	60
920	342	229
920	521	493
920	395	499
920	638	527
920	99	547
920	25	578
920	202	603
921	395	148
921	99	527
921	342	17
921	231	187
921	643	547
921	319	272
921	498	603
921	327	499
921	202	578
921	638	622
921	89	420
921	25	300
921	492	229
921	385	60
921	521	269
922	643	71
922	333	74
922	570	98
922	439	112
922	313	136
922	351	149
922	180	290
922	504	348
922	645	376
922	528	402
922	96	484
922	414	553
922	310	579
922	630	619
922	92	623
923	96	624
923	333	376
923	351	553
923	414	290
923	439	136
923	528	71
923	570	623
923	643	74
924	25	624
924	92	290
924	180	112
924	310	71
924	439	348
924	504	376
924	570	136
925	645	98
925	528	619
925	25	579
925	570	624
925	643	71
925	313	136
925	439	402
925	333	74
925	96	623
925	414	376
925	630	484
925	180	553
925	351	290
926	313	98
926	414	624
926	630	484
926	96	619
926	504	136
926	570	149
926	92	290
926	528	623
926	351	402
926	25	579
926	645	348
926	439	553
926	333	112
926	310	74
926	643	71
926	180	376
927	313	74
927	92	579
927	180	136
927	504	402
927	96	484
927	439	623
927	630	71
927	333	553
927	645	112
927	528	98
927	25	624
927	351	376
927	414	290
927	310	149
928	630	623
928	96	71
928	333	553
928	351	112
928	528	624
928	92	136
928	645	376
928	313	579
928	310	149
928	414	402
928	180	348
929	96	71
929	313	149
929	333	376
929	504	553
929	528	619
929	630	623
930	96	74
930	180	71
930	310	98
930	351	112
930	414	553
930	439	624
930	504	619
930	570	623
931	630	74
931	645	136
931	96	484
931	351	112
931	310	376
931	570	579
931	439	619
931	504	624
931	528	402
931	92	71
931	180	348
931	313	98
932	28	468
932	41	272
932	68	332
932	99	429
932	166	554
932	196	556
932	302	451
932	317	307
932	379	346
932	534	238
932	552	311
933	68	429
933	99	238
933	196	556
933	266	451
933	302	468
933	317	272
933	473	307
933	534	311
933	545	346
933	552	332
933	584	554
934	266	238
934	473	272
934	588	307
934	99	311
934	317	346
934	302	429
934	534	451
934	379	468
935	534	554
935	302	272
935	552	238
935	584	556
935	28	346
935	266	307
935	588	311
935	196	451
935	379	332
935	317	468
935	545	429
936	166	556
936	28	451
936	534	346
936	588	272
936	552	554
936	379	311
936	545	468
937	552	556
937	379	238
937	41	332
937	534	429
937	317	346
937	302	272
937	166	468
937	588	451
938	166	346
938	584	468
938	473	429
938	588	311
938	68	556
938	317	332
938	379	451
938	302	307
938	534	238
938	266	272
939	545	238
939	41	311
939	588	346
939	584	429
939	317	451
939	379	468
939	552	554
940	28	238
940	99	311
940	166	554
940	266	556
940	317	468
940	379	332
940	534	451
940	552	346
940	584	429
941	534	451
941	588	238
941	545	468
941	302	311
941	196	554
941	28	332
941	41	307
941	379	272
941	552	556
942	266	311
942	588	554
942	28	346
942	99	272
942	379	238
942	552	307
942	317	468
942	545	429
942	534	556
942	302	332
942	584	451
943	34	401
943	79	560
943	100	566
943	153	368
943	202	620
943	231	618
943	322	548
943	334	315
943	347	185
943	424	410
943	505	470
943	522	70
943	528	603
944	34	185
944	231	368
944	608	401
944	347	548
944	79	603
944	322	620
944	522	410
944	424	560
944	505	465
944	334	470
944	153	566
944	100	315
945	202	548
945	528	470
945	347	465
945	505	70
945	322	603
945	34	185
945	334	560
945	608	410
945	79	618
945	231	401
945	100	368
945	522	566
945	424	620
945	153	315
946	100	368
946	202	401
946	322	465
946	424	470
946	522	620
946	528	70
947	100	185
947	153	368
947	202	401
947	334	465
947	347	470
947	505	560
947	522	566
947	528	603
948	202	401
948	424	410
948	334	470
948	231	566
948	522	560
948	505	315
948	153	70
948	322	548
948	608	185
948	34	620
948	347	368
948	528	465
948	79	618
948	100	603
949	34	620
949	153	566
949	202	401
949	231	315
949	322	185
949	347	548
950	347	368
950	100	401
950	202	410
950	528	465
950	522	470
950	79	548
950	424	560
950	608	603
951	79	560
951	34	618
951	202	70
951	153	401
951	505	410
951	528	603
951	322	368
951	231	548
951	608	185
951	100	620
952	100	566
952	424	603
952	334	618
952	202	465
952	347	185
952	79	470
952	322	410
952	608	620
952	522	401
952	153	315
952	231	548
952	34	70
952	505	368
953	27	77
953	208	163
953	292	376
953	609	300
953	243	476
953	629	548
953	28	530
953	233	380
953	274	111
953	455	88
953	635	315
954	609	548
954	208	530
954	455	376
954	233	380
954	27	88
954	292	111
954	635	163
954	243	476
954	629	315
954	28	300
955	635	77
955	243	88
955	27	111
955	292	163
955	455	300
955	208	476
956	27	88
956	28	163
956	243	300
956	274	380
956	455	476
956	629	530
957	208	300
957	455	476
957	635	77
957	274	548
957	27	88
957	629	376
957	292	315
957	233	530
957	243	111
957	609	380
958	208	476
958	609	376
958	292	77
958	635	111
958	629	315
958	28	530
958	233	548
958	27	300
958	243	380
959	629	548
959	292	380
959	455	88
959	274	476
959	635	530
959	28	376
960	233	77
960	243	111
960	274	300
960	292	315
960	455	376
960	609	380
960	629	530
961	629	300
961	274	111
961	233	548
961	635	476
961	208	163
961	455	530
961	609	376
961	27	88
961	292	380
961	243	77
